-1.0099,-1.4879,-1.8707,-1.0286,1.1677,-0.93503,-0.98235,0.97968,1.116,-1.039,-1.0284,-0.87195,-0.892,0.96102,-0.93698
-1.4515,-2.6183,-2.9398,-1.6963,1.1993,-1.8572,-1.563,1.1768,1.3847,-1.7875,-1.6962,-1.2974,-1.9073,1.2251,-1.1953
-1.2915,-2.0964,-1.1943,-1.5179,1.7094,-1.5532,-1.4071,0.86105,1.69,-1.5464,-1.518,-1.1563,-1.5997,1.5253,-1.1267
-1.3368,-2.0558,-1.3084,-1.5046,0.88638,-1.6908,-1.3979,1.2039,2.0688,-1.5494,-1.5044,-1.2354,-1.7485,0.3736,-1.1461
-1.4439,-2.1969,-3.0139,-1.7015,1.2818,-1.8575,-1.5548,0.73406,2.2873,-1.7323,-1.7013,-1.4038,-1.9404,1.0738,-1.1936
-1.2078,-1.3342,-1.9881,-1.3565,1.8799,-1.4231,-1.2752,1.1005,1.5419,-1.3599,-1.3581,-1.1443,-1.5056,0.8963,-1.0822
-1.2563,-0.93279,-0.92924,-1.3998,0.74515,-1.4083,-1.3325,1.1769,0.12848,-1.558,-1.3999,-0.89556,-1.3722,1.608,-1.1108
-1.4022,-1.6806,-2.2784,-1.6224,1.8041,-1.7613,-1.4782,1.2518,1.8864,-1.7207,-1.6222,-1.5031,-1.8437,0.79946,-1.1784
-1.0701,-0.8748,-0.84231,-1.2434,1.6383,-1.1565,-1.1298,0.71395,1.2729,-1.1788,-1.2448,-0.95515,-1.1706,1.0545,-1.0057
-1.4816,-2.2807,-3.2525,-1.757,1.4121,-2.0011,-1.6096,0.61374,1.7037,-1.8902,-1.7571,-1.4637,-2.0912,0.40739,-1.2062
-1.4752,-2.4841,-3.2328,-1.7261,1.3956,-1.902,-1.5915,0.7787,2.0419,-1.8287,-1.726,-1.4357,-1.9864,1.2687,-1.2027
-1.2472,-1.6918,-1.8592,-1.3671,1.8529,-1.4225,-1.2947,0.43983,1.4269,-1.4325,-1.3669,-0.79935,-1.4706,1.0958,-1.0929
-1.2929,-1.5486,-2.1218,-1.4812,1.9462,-1.6649,-1.3763,1.0877,1.6318,-1.5467,-1.4812,-1.188,-1.7615,0.33053,-1.1296
-1.3203,-1.9079,-2.2845,-1.486,1.3375,-1.5432,-1.3861,1.2558,1.596,-1.5247,-1.486,-1.3786,-1.6083,1.3257,-1.14
-1.1502,-1.3995,-1.8253,-1.2638,1.2875,-1.2709,-1.2037,0.80641,1.4368,-1.2292,-1.2635,-1.0534,-1.3388,1.0961,-1.0363
-1.3468,-1.6062,-2.282,-1.4974,1.2242,-1.6105,-1.3862,1.3891,1.0863,-1.5299,-1.4977,-1.3045,-1.6458,0.8344,-1.1542
-1.0475,-1.2959,-1.6625,-1.0995,0.48004,-1.126,-1.0522,1.3823,0.57908,-0.9144,-1.0992,-1.0993,-1.0761,0.61503,-0.9763
-1.314,-1.5043,-1.8958,-1.4855,1.157,-1.5321,-1.3723,2.1702,1.0389,-1.5332,-1.4853,-1.0196,-1.5452,1.2357,-1.1359
-1.211,-1.4793,-2.0478,-1.2814,0.71953,-1.3564,-1.2125,0.42887,1.3005,-1.2501,-1.2813,-0.85752,-1.3202,0.70617,-1.0761
-1.2975,-2.2898,-2.9299,-1.4632,1.8811,-1.6733,-1.3714,1.5402,2.2737,-1.4373,-1.463,-1.2928,-1.7492,0.21946,-1.1189
-1.5093,-1.8322,-2.8577,-1.7646,0.92615,-1.9513,-1.6122,1.1603,1.2174,-1.8444,-1.7648,-1.6807,-2.0284,1.0921,-1.218
-1.3833,-1.8631,-2.0049,-1.6127,0.45956,-1.7345,-1.4843,1.2551,1.7223,-1.575,-1.6126,-1.2835,-1.7863,1.1276,-1.1703
-1.0384,-1.4699,-1.6085,-1.0703,1.9454,-0.96186,-1.0626,1.9537,1.4152,-1.0559,-1.0705,-0.80226,-0.96182,1.4333,-0.94003
-1.2698,-1.497,-1.5605,-1.5219,0.70972,-1.5775,-1.3811,0.6929,1.9717,-1.4576,-1.5217,-1.3562,-1.6314,1.0147,-1.1215
-1.3786,-1.6125,-2.4573,-1.5561,1.2224,-1.7472,-1.4444,0.70491,1.2839,-1.6096,-1.5561,-1.5621,-1.8342,0.47576,-1.1715
-1.133,-1.5546,-1.5214,-1.2989,1.3524,-1.2265,-1.1964,1.337,1.0024,-1.2423,-1.2986,-0.96157,-1.1459,1.2696,-1.0289
-1.4445,-2.5506,-3.1196,-1.7072,0.74806,-1.865,-1.5579,1.2903,2.1239,-1.6884,-1.7072,-1.4084,-1.9334,1.0481,-1.1937
-1.4245,-1.8609,-3.2595,-1.7056,0.75601,-1.8778,-1.5503,0.91175,1.7982,-1.707,-1.7058,-1.5387,-1.9645,0.77995,-1.1894
-1.0761,-1.2529,-1.556,-1.0993,1.4588,-1.1292,-1.0744,1.4864,0.96012,-1.1112,-1.0993,-0.80747,-1.1185,0.75739,-0.99365
-1.2477,-1.3963,-1.5201,-1.4619,0.98976,-1.5813,-1.3339,0.59163,2.1577,-1.4048,-1.4616,-1.3376,-1.6544,0.47221,-1.1119
-1.2643,-0.93331,-1.3166,-1.4489,0.62573,-1.4866,-1.3408,1.308,1.2515,-1.5126,-1.4487,-1.0193,-1.4563,1.1813,-1.1153
-1.2622,-1.2956,-1.4797,-1.3858,0.80729,-1.4596,-1.3187,1.2939,2.0145,-1.4839,-1.3861,-0.84311,-1.5007,1.1138,-1.1074
-1.3775,-1.4221,-1.3724,-1.6366,1.0373,-1.7991,-1.4931,0.67601,1.9907,-1.7182,-1.6365,-1.3314,-1.8724,0.67065,-1.1669
-1.234,-1.4288,-1.7047,-1.3545,0.64793,-1.4263,-1.2796,1.5184,1.3413,-1.3199,-1.3543,-0.98794,-1.4666,0.91948,-1.0858
-0.92064,-1.3228,-1.7532,-0.8842,1.239,-0.82075,-0.90364,0.76082,1.138,-0.86667,-0.88399,-1.0753,-0.8075,0.9074,-0.86831
-1.3003,-2.2284,-2.4194,-1.5451,1.2074,-1.5993,-1.408,0.99967,1.6727,-1.3844,-1.5449,-1.3158,-1.6971,1.1854,-1.1215
-1.3121,-1.3989,-1.5171,-1.4942,1.948,-1.4794,-1.3981,1.7032,1.0598,-1.6914,-1.494,-0.93193,-1.4409,1.9579,-1.136
-1.2748,-1.1478,-1.081,-1.4672,0.54703,-1.41,-1.3468,1.5354,0.50662,-1.5561,-1.467,-0.9792,-1.4066,1.7718,-1.1271
-1.4717,-2.1578,-3.6447,-1.7402,1.1422,-2.0009,-1.593,1.0338,1.5526,-1.7785,-1.7414,-1.6025,-2.0799,0.11214,-1.2023
-1.475,-2.6096,-3.7709,-1.7442,2.0258,-1.9436,-1.5968,1.1017,2.0006,-1.8679,-1.7442,-1.5936,-2.0237,0.87353,-1.2027
-1.1977,-1.7448,-2.1983,-1.3433,0.63911,-1.3498,-1.2463,1.509,1.4376,-1.2032,-1.3433,-1.0915,-1.3667,1.0504,-1.0615
-1.3624,-1.6519,-2.4066,-1.569,1.0307,-1.6826,-1.4535,1.8829,1.3412,-1.6438,-1.5689,-1.2379,-1.7003,1.1313,-1.1597
-1.5073,-2.002,-2.8454,-1.7965,0.62278,-1.9557,-1.6248,1.0363,1.6709,-1.8925,-1.7964,-1.516,-2.0187,1.3124,-1.2189
-1.068,-1.4657,-1.8295,-1.1577,1.8297,-1.0062,-1.0924,2.1101,1.044,-1.0814,-1.1574,-0.99842,-1.0027,1.4703,-0.97719
-1.4833,-2.3923,-3.1082,-1.7605,0.90716,-1.9116,-1.601,1.119,1.6728,-1.8016,-1.7605,-1.4649,-1.9767,1.3504,-1.2063
-1.255,-2.1736,-1.0821,-1.5052,1.2234,-1.5034,-1.3702,1.2281,1.9827,-1.3865,-1.5061,-1.099,-1.5556,1.4132,-1.0973
-1.0816,0.64777,0.45845,-1.1227,-0.32911,-1.565,-1.1133,-0.84063,-0.71617,-1.4102,-1.1225,-0.7512,-1.4242,-1.0506,-1.0679
-1.2397,-1.8202,-2.2882,-1.3833,1.9582,-1.4484,-1.295,1.4554,1.7166,-1.3212,-1.3836,-0.93691,-1.5351,0.93767,-1.0866
-1.0972,-1.0132,-0.96965,-1.2416,1.3372,-1.1172,-1.1553,1.4483,1.0679,-1.2992,-1.2413,-0.7055,-1.0818,1.4694,-1.0028
-1.2748,-1.6375,-1.7466,-1.5026,1.4788,-1.522,-1.3875,1.2412,2.1601,-1.5532,-1.5028,-1.3865,-1.6004,1.4989,-1.1252
-1.31,-1.3412,-1.3123,-1.4957,1.0618,-1.5377,-1.4077,0.84422,1.5177,-1.6242,-1.4956,-1.1142,-1.5425,1.6516,-1.1369
-0.94094,0.54311,-0.057092,-1.1502,-0.35733,-1.3076,-1.0085,-0.065308,0.51962,-1.4666,-1.1504,-0.73448,-1.3221,-0.44864,-1.0381
-1.2349,-1.7292,-1.9231,-1.412,1.4785,-1.4928,-1.3104,0.9026,1.4814,-1.3959,-1.4118,-1.0303,-1.5911,0.81312,-1.0882
-1.0905,-1.6011,-1.8599,-1.2344,1.7155,-1.1484,-1.1531,1.4762,1.8786,-1.1756,-1.2344,-0.68719,-1.2449,1.2902,-1.005
-1.0514,-1.4473,-1.757,-1.2204,1.0672,-1.069,-1.1301,2.1323,1.2669,-1.157,-1.2203,-1.0634,-1.0089,1.4884,-0.96837
-1.3558,-1.5074,-2.153,-1.5233,0.83669,-1.6726,-1.4112,0.96327,1.1301,-1.602,-1.5233,-1.4195,-1.6828,0.66425,-1.1565
-1.1838,-1.538,-2.1363,-1.3384,1.3467,-1.3796,-1.2346,1.2968,1.5212,-1.2951,-1.3381,-0.95766,-1.4358,0.77,-1.0601
-1.1606,-1.8224,-2.1095,-1.2735,1.314,-1.3417,-1.2242,1.1169,1.6755,-1.2518,-1.2732,-0.87274,-1.403,0.89068,-1.048
-1.132,-1.1529,-1.3663,-1.2268,0.91209,-1.2246,-1.1761,0.79343,1.2377,-1.1327,-1.2268,-0.78521,-1.2879,1.0982,-1.0322
-1.3745,-1.6369,-1.8158,-1.6113,0.68186,-1.6777,-1.4847,1.9456,2.044,-1.6452,-1.6111,-1.1357,-1.7358,1.6452,-1.1627
-1.3586,-1.5784,-1.7769,-1.5939,1.0532,-1.6268,-1.4634,1.4325,1.8703,-1.6237,-1.5936,-0.96036,-1.6431,1.7506,-1.1509
-1.3653,-1.5169,-2.7007,-1.5562,1.3762,-1.7006,-1.4362,1.7938,1.39,-1.5512,-1.5563,-1.4805,-1.7829,0.75131,-1.1589
-1.2688,-1.9935,-2.707,-1.3644,1.6058,-1.5452,-1.3189,0.92384,0.49461,-1.3209,-1.3646,-1.3864,-1.6183,0.56026,-1.106
-1.1417,-1.8729,-2.3266,-1.3085,1.9214,-1.3785,-1.2207,1.4827,1.8715,-1.119,-1.3082,-1.1517,-1.4383,0.65446,-1.0252
-1.2145,-1.809,-2.6042,-1.3653,1.2109,-1.3887,-1.2783,1.6114,1.5935,-1.3572,-1.365,-1.2851,-1.4704,1.1354,-1.0768
-1.4239,-1.754,-2.1529,-1.6695,1.7597,-1.8093,-1.5306,1.8771,1.386,-1.7773,-1.6696,-1.1647,-1.8927,1.1543,-1.1852
-1.3553,-1.7285,-2.5401,-1.5287,2.0109,-1.7169,-1.4259,1.2013,1.1422,-1.6261,-1.5286,-1.3711,-1.7439,0.49431,-1.1484
-1.4267,-2.0227,-3.1558,-1.663,1.8204,-1.9131,-1.5357,0.83346,1.8604,-1.7768,-1.6633,-1.382,-2.0022,0.18363,-1.1843
-1.3913,-1.5744,-2.3692,-1.659,1.1465,-1.8181,-1.5054,1.347,2.0967,-1.6801,-1.659,-1.3726,-1.8624,0.67107,-1.1796
-1.3885,-1.4766,-2.1256,-1.6065,1.2861,-1.7375,-1.4744,1.8878,1.42,-1.6189,-1.6069,-1.4069,-1.8288,0.95588,-1.1741
-1.2355,-1.7459,-2.0106,-1.4004,1.7038,-1.4584,-1.2839,1.3769,0.90454,-1.3492,-1.4002,-0.79846,-1.5215,0.76539,-1.0784
-1.073,-1.2599,-1.0865,-1.0749,1.7496,-1.0696,-1.0804,1.1579,1.3602,-1.2599,-1.0747,-0.51341,-1.0658,1.0783,-0.97458
-0.96818,-0.76915,-1.2954,-0.80707,0.40572,-1.2198,-0.98128,0.30043,1.0117,-1.0137,-0.80669,-1.2685,-1.2484,-0.22724,-0.90541
-1.2999,-1.2026,-1.3707,-1.5345,1.3575,-1.5225,-1.4075,1.3098,1.8135,-1.619,-1.5343,-1.2347,-1.5676,1.7652,-1.1274
-1.1235,-2.0896,-0.96945,-1.3274,1.6965,-1.2019,-1.2296,0.56719,1.4169,-1.2305,-1.3271,-0.92845,-1.2147,1.7298,-1.0131
-1.2903,-1.5493,-1.7945,-1.3959,1.6261,-1.55,-1.3248,1.2364,0.69686,-1.4986,-1.3958,-1.066,-1.5799,0.58867,-1.1281
-1.2876,-1.4376,-1.9179,-1.5205,1.7372,-1.5819,-1.3859,1.6212,1.4555,-1.5698,-1.5205,-1.3349,-1.6638,1.0402,-1.1257
-1.1963,-1.8393,-2.3843,-1.3929,1.6901,-1.4139,-1.313,1.9942,1.461,-1.3006,-1.3927,-1.3612,-1.4983,1.3474,-1.0671
-1.2204,-1.3419,-1.3156,-1.2807,0.74622,-1.3707,-1.2677,0.96489,0.10406,-1.3324,-1.2804,-0.9034,-1.3996,1.136,-1.0728
-1.2657,-1.8442,-0.87422,-1.5221,1.1839,-1.4271,-1.3813,1.6141,1.7538,-1.4922,-1.522,-1.0885,-1.3581,2.1066,-1.1074
-1.1003,-1.2069,-1.5207,-1.2302,1.3034,-1.1626,-1.1638,0.82899,1.4839,-1.0138,-1.2299,-1.2439,-1.2333,1.3126,-1.0211
-1.1499,-1.7188,-0.92719,-1.3039,1.5737,-1.231,-1.2189,1.4303,1.1131,-1.3711,-1.3037,-1.1122,-1.143,1.4588,-1.0392
-1.335,-1.41,-1.768,-1.5429,1.268,-1.6764,-1.4226,1.3156,1.2505,-1.5139,-1.5427,-1.079,-1.7842,0.77364,-1.1475
-1.1243,-0.818,-1.7882,-1.2426,0.83956,-1.276,-1.1588,0.75848,1.0839,-1.2273,-1.2426,-1.1305,-1.2716,0.68768,-1.0399
-1.3563,-1.4679,-1.6943,-1.4664,1.4655,-1.6406,-1.3747,0.6859,0.68323,-1.5707,-1.4661,-1.4188,-1.6855,0.48764,-1.1586
-1.1467,-1.0948,-2.1829,-1.2784,2.4239,-1.4341,-1.1924,0.45609,1.3143,-1.3121,-1.2813,-1.1162,-1.5211,0.121,-1.0426
-1.2639,-1.1608,-1.6169,-1.4664,0.50299,-1.5934,-1.3549,1.1671,1.6482,-1.4016,-1.4662,-1.41,-1.6355,0.60694,-1.1188
-1.265,-1.9101,-2.2805,-1.3838,0.84195,-1.5041,-1.293,1.4296,1.425,-1.284,-1.3836,-1.2342,-1.5576,0.57007,-1.1052
-1.1294,-1.647,-1.6179,-1.2266,1.0728,-1.282,-1.1791,0.85284,1.1118,-1.1043,-1.2264,-1.0556,-1.332,0.82252,-1.0302
-1.2185,-1.2995,-2.0873,-1.2745,1.0512,-1.3974,-1.2185,0.092099,0.96706,-1.2895,-1.2744,-1.1696,-1.4214,0.53014,-1.0776
-1.1852,-0.74505,-0.87737,-1.3461,1.88,-1.4068,-1.2391,0.22892,1.0504,-1.368,-1.3458,-0.81887,-1.4637,0.6561,-1.0806
-1.2001,-1.7927,-0.7901,-1.3837,1.3428,-1.2773,-1.2807,1.6252,1.9997,-1.4668,-1.3836,-1.0293,-1.2485,1.8393,-1.0704
-1.3661,-1.3511,-1.4691,-1.5838,0.95208,-1.7632,-1.4571,0.79878,1.8423,-1.7002,-1.5836,-1.4769,-1.837,0.50031,-1.1705
-1.0323,-1.4977,-1.7786,-1.0549,0.83273,-1.1205,-1.0396,0.99262,1.3017,-0.80263,-1.0548,-0.99284,-1.2114,0.5535,-0.9561
-1.0679,-1.0836,-1.1668,-1.2181,0.65972,-1.1432,-1.1569,0.66641,0.75963,-0.95811,-1.2182,-0.87824,-1.175,1.351,-0.99287
-1.34,-1.447,-1.5734,-1.5649,0.94975,-1.769,-1.4315,0.46161,2.1312,-1.5817,-1.5648,-1.5211,-1.8629,0.14566,-1.1593
-1.3252,-0.99714,-1.486,-1.5681,0.27611,-1.7394,-1.4647,0.38175,1.6607,-1.591,-1.5681,-1.125,-1.7597,0.8043,-1.151
-1.2827,-1.6354,-1.8527,-1.4449,1.0164,-1.4723,-1.3282,1.7781,1.2482,-1.4683,-1.4447,-1.048,-1.4283,1.1346,-1.1186
-0.99732,-1.5068,-2.109,-1.0686,0.7785,-0.93611,-1.0429,1.0876,1.4369,-0.87743,-1.0689,-0.96988,-0.9088,1.3945,-0.93224
-1.0758,-0.80571,-0.71735,-1.0924,1.8577,-1.3815,-1.0446,-0.19651,1.0031,-1.2429,-1.0921,-0.66976,-1.4613,-0.57375,-1.0105
-1.4827,-1.3793,-2.1922,-1.7077,1.295,-1.8757,-1.5715,0.69858,0.64551,-1.7565,-1.7078,-1.4116,-1.9606,1.1805,-1.2069
-1.2664,-1.2361,-1.63,-1.4691,1.7164,-1.5649,-1.3412,0.83282,2.0496,-1.552,-1.4689,-1.3652,-1.5813,0.65747,-1.124
-1.3477,-1.8066,-2.4114,-1.47,1.8266,-1.7236,-1.3871,0.45227,1.1582,-1.5554,-1.4704,-1.3387,-1.8203,0.016373,-1.1485
-1.2257,-1.7498,-1.9296,-1.3377,1.8396,-1.452,-1.2573,1.0201,1.7773,-1.4154,-1.3375,-1.1405,-1.5092,0.55565,-1.0871
-1.399,-2.1581,-2.723,-1.6121,1.1914,-1.7615,-1.4901,0.69963,1.9214,-1.6169,-1.612,-1.2375,-1.8065,0.97034,-1.1707
-1.024,-1.0442,-1.2552,-1.0795,0.698,-0.9903,-1.0677,1.2356,0.46916,-0.83707,-1.0793,-0.909,-1.0156,1.3445,-0.95085
-1.3718,-2.3325,-2.6922,-1.5924,1.6411,-1.7819,-1.4718,1.5422,1.7441,-1.5755,-1.5925,-1.2744,-1.8587,0.53119,-1.1585
-1.2606,-1.8871,-0.40593,-1.4426,1.5684,-1.4417,-1.3406,0.96079,1.7698,-1.4413,-1.4428,-1.0922,-1.4643,1.4808,-1.1049
-0.95949,-1.2344,-1.945,-0.86044,1.6287,-0.92196,-0.92212,1.6235,1.0286,-1.0581,-0.86007,-0.90915,-0.82187,0.62907,-0.87669
-1.3322,-1.9126,-1.7953,-1.594,0.59064,-1.6852,-1.456,0.63751,2.2104,-1.5694,-1.594,-1.4291,-1.7379,1.1448,-1.1502
-1.3934,-2.1212,-2.9277,-1.6263,1.9578,-1.8034,-1.492,1.072,1.9683,-1.7014,-1.6262,-1.3373,-1.8912,0.61625,-1.1724
-1.0836,-0.84329,-0.87984,-1.2614,0.68623,-1.0659,-1.1903,1.3032,0.87888,-1.3457,-1.2613,-0.73873,-0.90963,2.0719,-0.9812
-1.3282,-1.5964,-1.7785,-1.5396,1.5312,-1.6076,-1.428,1.1753,1.5076,-1.6594,-1.5395,-1.1891,-1.651,1.387,-1.1438
-1.0308,-1.6574,-2.0687,-1.0061,1.3828,-1.0272,-0.9829,0.96746,0.74997,-1.0856,-1.0062,-0.87169,-1.0039,0.58161,-0.93757
-1.2356,-1.1673,-1.1167,-1.3331,0.30504,-1.438,-1.2614,1.6575,1.0509,-1.3414,-1.3329,-0.97526,-1.4563,0.67573,-1.0929
-1.1512,-0.91544,-1.045,-1.3722,0.89755,-1.3352,-1.2523,1.0561,1.7358,-1.3484,-1.372,-1.1611,-1.2877,1.1932,-1.0589
-1.1281,-1.3735,-1.6762,-1.2708,2.16,-1.1513,-1.1893,1.7145,0.76653,-1.3423,-1.2706,-0.93882,-1.1232,1.6066,-1.0243
-1.2384,-1.7808,-2.5744,-1.3738,2.2318,-1.5362,-1.2895,0.52571,1.7473,-1.4849,-1.3737,-1.3307,-1.5838,0.33847,-1.0905
-1.198,-1.25,-1.8392,-1.3009,0.6163,-1.3086,-1.2389,1.0806,0.94632,-1.3184,-1.3007,-1.2013,-1.3332,1.2156,-1.068
-1.1968,-1.5141,-2.0728,-1.2864,0.68021,-1.2438,-1.2078,0.86248,0.92826,-1.2398,-1.2861,-1.0347,-1.2508,1.2818,-1.0688
-1.388,-1.3975,-2.4581,-1.6366,1.1575,-1.7999,-1.4955,1.702,1.8499,-1.6816,-1.6371,-1.4274,-1.879,0.69696,-1.1749
-1.0673,-1.6428,-2.0698,-1.1507,1.5124,-1.1393,-1.1011,1.3312,1.3791,-1.1132,-1.1505,-0.7539,-1.1773,0.90998,-0.97165
-1.1231,-1.6849,-1.9336,-1.1812,1.6247,-1.2533,-1.1399,0.84515,1.2096,-1.0811,-1.1809,-0.87369,-1.331,0.65345,-1.0129
-0.9937,-1.3849,-1.4827,-1.0223,1.0037,-0.9496,-1.0089,1.203,1.5498,-0.86252,-1.022,-0.93942,-0.91861,1.0838,-0.923
-1.3364,-1.2621,-1.8739,-1.5303,1.0831,-1.6775,-1.4208,0.92159,1.7379,-1.5043,-1.5303,-1.1021,-1.759,0.74274,-1.1464
-1.4779,-2.1383,-2.3106,-1.7257,0.87409,-1.9357,-1.5854,1.1373,1.797,-1.7442,-1.7257,-1.4876,-1.9806,0.7525,-1.2043
-1.4222,-2.1605,-2.9138,-1.6815,1.6292,-1.8749,-1.5513,0.94054,1.7159,-1.7379,-1.6819,-1.3873,-1.9787,0.82661,-1.1856
-1.3532,-1.9303,-2.0452,-1.5258,0.90776,-1.697,-1.4147,1.0627,1.2598,-1.4287,-1.5256,-1.0586,-1.7684,0.51729,-1.149
-1.3012,-1.4071,-2.2066,-1.4521,0.94301,-1.5958,-1.3361,0.97616,1.156,-1.4849,-1.4522,-1.3934,-1.6033,0.39776,-1.1287
-1.084,-1.517,-1.6933,-1.2767,1.2716,-1.115,-1.1596,1.5181,1.8985,-1.1099,-1.2767,-1.0207,-1.1072,1.519,-0.9954
-1.3359,-1.3328,-1.4995,-1.4748,1.0941,-1.6139,-1.381,1.4071,1.3101,-1.5493,-1.4745,-1.0978,-1.6469,0.74926,-1.1433
-1.3976,-1.7507,-2.6836,-1.6246,1.4317,-1.7724,-1.4951,0.92091,1.7299,-1.6815,-1.6244,-1.5912,-1.8556,0.94507,-1.1736
-1.3614,-1.3757,-2.1551,-1.6034,0.83449,-1.7978,-1.4655,0.95415,1.8606,-1.6516,-1.6034,-1.514,-1.8572,0.31242,-1.166
-1.4577,-1.7959,-2.5835,-1.7017,0.79367,-1.8615,-1.5511,1.7974,1.484,-1.7919,-1.7016,-1.4162,-1.871,0.96625,-1.1967
-1.3767,-1.5652,-2.166,-1.5344,1.7277,-1.6736,-1.4271,1.203,1.358,-1.65,-1.5343,-1.5326,-1.723,0.85133,-1.1694
-1.3366,-1.0713,-2.1798,-1.5861,1.3749,-1.7782,-1.4486,1.217,1.9434,-1.6532,-1.5861,-1.4378,-1.8681,0.2704,-1.161
-1.3337,-1.3614,-2.0131,-1.5144,0.59729,-1.6445,-1.4276,0.9433,2.0383,-1.4929,-1.5142,-1.107,-1.6985,1.0885,-1.1445
-1.2779,-1.6527,-2.2498,-1.3806,1.1824,-1.5837,-1.328,1.5677,1.4862,-1.3778,-1.3803,-1.3253,-1.6385,0.39821,-1.1115
-1.4219,-1.8175,-2.5941,-1.6316,1.4419,-1.7843,-1.4999,1.2179,1.4195,-1.728,-1.6316,-1.3227,-1.8257,0.9071,-1.1815
-1.1986,-1.6903,-1.8724,-1.2687,1.8872,-1.3763,-1.2247,1.1783,0.88788,-1.2571,-1.2692,-0.93252,-1.4695,0.70078,-1.0577
-1.3263,-0.93457,-1.0141,-1.4675,0.80772,-1.6175,-1.3688,0.65868,0.93662,-1.6186,-1.4673,-0.8567,-1.6628,0.58825,-1.1526
-1.3994,-1.7678,-1.6498,-1.639,1.4937,-1.7467,-1.5122,1.5173,0.88789,-1.7256,-1.6388,-1.2771,-1.8157,1.4582,-1.1764
-1.1983,-1.6992,-2.5639,-1.2985,1.4251,-1.459,-1.2439,0.69533,1.5369,-1.3487,-1.2985,-1.2924,-1.5379,0.39703,-1.0673
-1.2698,-0.86198,-1.0251,-1.5028,1.2554,-1.5439,-1.3753,1.4897,1.5654,-1.5297,-1.5052,-1.072,-1.6259,1.1867,-1.1285
-1.3846,-1.7403,-1.5463,-1.5962,0.67567,-1.6884,-1.4702,1.1153,2.0736,-1.7258,-1.5961,-1.2688,-1.752,1.3228,-1.1691
-1.394,-1.5635,-2.0583,-1.6488,1.4954,-1.6991,-1.4951,1.3963,0.93744,-1.6856,-1.6486,-1.4056,-1.796,1.6212,-1.1808
-1.3891,-1.74,-1.8808,-1.6387,0.28959,-1.7697,-1.5029,0.53564,1.5684,-1.6461,-1.6385,-1.0085,-1.847,1.0887,-1.1741
-1.3785,-1.4327,-1.6361,-1.6227,1.6454,-1.6889,-1.4655,1.3925,1.0324,-1.7211,-1.6225,-1.0471,-1.7432,1.25,-1.1657
-1.2,-1.6141,-2.3045,-1.3876,2.1176,-1.3846,-1.2869,1.4451,1.4702,-1.3607,-1.3875,-1.1993,-1.4616,1.2489,-1.0654
-1.3167,-1.7897,-2.3271,-1.4784,1.7048,-1.638,-1.3915,0.48774,1.6696,-1.5347,-1.4782,-1.0713,-1.752,0.69305,-1.1323
-1.1596,-1.4507,-1.9155,-1.3164,0.67469,-1.2964,-1.2376,1.5711,1.5176,-1.2485,-1.3161,-1.2266,-1.3458,1.273,-1.0481
-1.1033,-0.49555,-0.56004,-1.163,0.81538,-1.1734,-1.1423,0.97656,0.60407,-1.2643,-1.1627,-0.95113,-1.1873,1.0729,-1.0091
-1.2332,-0.76727,-0.9572,-1.4542,1.4434,-1.3523,-1.3217,1.6596,0.75287,-1.5844,-1.4543,-0.78024,-1.3286,1.8465,-1.1005
-1.384,-1.994,-3.2714,-1.5823,1.01,-1.8218,-1.4848,0.99194,1.6145,-1.5838,-1.5824,-1.4983,-1.8955,0.35085,-1.1655
-1.1446,-1.3862,-2.0587,-1.2118,0.42478,-1.237,-1.1769,1.1087,1.1803,-1.0576,-1.2117,-0.8803,-1.2183,1.0406,-1.0393
-1.3142,-1.1736,-1.1668,-1.559,-0.10864,-1.6399,-1.4147,0.49379,2.0536,-1.4837,-1.5589,-1.3671,-1.7089,0.95873,-1.1505
-1.4618,-2.2729,-2.4524,-1.6968,1.0419,-1.8743,-1.5523,1.859,1.4409,-1.7436,-1.6967,-1.3484,-1.9232,0.85085,-1.198
-1.1719,-0.91493,-0.82883,-1.3399,1.0927,-1.4776,-1.2347,0.72411,0.58019,-1.245,-1.3396,-1.0435,-1.5384,0.21399,-1.0728
-1.4464,-2.0771,-3.1395,-1.6502,1.2567,-1.7946,-1.5328,1.8543,0.97869,-1.7548,-1.6502,-1.5331,-1.8355,1.3409,-1.1904
-1.1897,-0.97057,-1.6171,-1.3796,1.6021,-1.4285,-1.2554,0.19144,1.4627,-1.3096,-1.3794,-1.1651,-1.5234,0.67625,-1.0716
-1.1535,-1.8129,-2.4002,-1.2407,1.7602,-1.3791,-1.1846,0.82408,1.1686,-1.2206,-1.2407,-1.0985,-1.4228,0.35391,-1.0361
-1.3327,-1.7664,-2.5328,-1.5364,1.1614,-1.6831,-1.4232,1.6517,1.0035,-1.5264,-1.5376,-1.3792,-1.7446,0.72856,-1.1425
-1.1233,-1.6792,-2.3173,-1.2435,2.0378,-1.2663,-1.1703,1.1849,1.424,-1.2358,-1.2441,-0.95712,-1.3473,0.83166,-1.0157
-1.3182,-2.2002,-1.2933,-1.4752,2.0356,-1.6508,-1.3888,0.63957,1.9151,-1.6162,-1.4749,-1.2937,-1.7179,0.56874,-1.1357
-1.0679,-1.6559,-1.9687,-1.1309,2.1483,-1.1713,-1.089,1.1176,1.0528,-1.1186,-1.1309,-0.9675,-1.2111,0.66818,-0.98293
-1.212,-1.8214,-2.5254,-1.2957,1.9009,-1.5165,-1.2408,0.9726,0.9078,-1.3105,-1.2955,-1.1132,-1.5946,0.040686,-1.0718
-1.1654,-1.3412,-1.6692,-1.2987,1.7293,-1.246,-1.2153,1.7772,0.93232,-1.3748,-1.299,-1.0265,-1.2695,1.3411,-1.0487
-1.3982,-1.9917,-3.0668,-1.6586,1.987,-1.8184,-1.5202,0.6862,1.7756,-1.7353,-1.6585,-1.4195,-1.8957,0.89339,-1.1723
-0.99284,-1.318,-2.0479,-0.97163,1.2165,-1.0108,-0.99088,1.4248,1.3368,-0.98751,-0.97154,-0.771,-1.0374,0.70181,-0.92202
-1.2217,-1.8183,-0.5241,-1.4197,1.2451,-1.3288,-1.3053,1.279,1.7707,-1.4194,-1.4198,-1.0049,-1.2974,1.8016,-1.0858
-1.2485,-1.3596,-1.3521,-1.3233,0.87867,-1.4521,-1.2941,0.53095,1.4172,-1.4114,-1.3245,-0.95338,-1.4431,0.90487,-1.0919
-1.3682,-1.9814,-2.8854,-1.5995,1.5697,-1.7923,-1.4818,1.23,1.5305,-1.6233,-1.5993,-1.4989,-1.8813,0.57412,-1.165
-1.2377,-1.157,-1.4613,-1.2515,1.299,-1.5758,-1.2155,0.42615,0.59629,-1.3636,-1.2513,-1.0978,-1.6713,-0.48208,-1.0993
-1.2368,-1.6087,-1.4252,-1.3239,2.523,-1.466,-1.2407,0.73405,0.96475,-1.4941,-1.3237,-0.70351,-1.5857,0.32949,-1.0959
-1.1201,-1.4157,-1.7168,-1.2481,1.5378,-1.1237,-1.1869,1.7209,1.4899,-1.3662,-1.248,-1.1933,-1.068,1.7304,-1.025
-1.2812,-1.9382,-1.0175,-1.4439,1.4424,-1.4754,-1.3552,1.3517,1.847,-1.4858,-1.4437,-1.0131,-1.5698,1.4255,-1.1116
-1.3133,-1.2121,-1.4116,-1.4938,0.98317,-1.5179,-1.391,1.667,0.81042,-1.6189,-1.4938,-0.97231,-1.577,1.5749,-1.1393
-1.197,-1.5283,-1.665,-1.3879,1.3572,-1.2587,-1.2848,2.0762,0.90759,-1.3114,-1.3891,-1.0367,-1.2193,2.0007,-1.0636
-1.4576,-2.1568,-3.0952,-1.6999,1.1171,-1.8841,-1.566,0.68792,1.6343,-1.7345,-1.6997,-1.4432,-1.9615,0.98496,-1.1947
-1.1203,-1.3127,-1.922,-1.2531,1.0844,-1.2771,-1.163,1.4748,1.2728,-1.1731,-1.2529,-1.1069,-1.2946,0.71557,-1.0109
-1.3483,-1.6145,-2.4904,-1.5307,2.0017,-1.7422,-1.4235,1.0086,1.5394,-1.5828,-1.5304,-1.4662,-1.8236,0.2667,-1.1559
-0.85903,-1.8273,-2.1359,-0.75513,2.9044,-0.84418,-0.7893,0.13176,0.72643,-0.81495,-0.75475,-0.43657,-0.86409,0.19093,-0.79978
-1.4104,-1.7437,-2.6628,-1.6955,0.87654,-1.8095,-1.5453,1.4406,2.0703,-1.7371,-1.6955,-1.4052,-1.8789,1.4114,-1.179
-1.0816,-1.3207,-1.5637,-1.1857,0.75848,-1.1028,-1.1208,1.6823,0.24633,-1.0169,-1.1874,-0.96215,-1.0805,1.243,-0.99518
-1.2459,-1.8295,-2.149,-1.3419,1.8333,-1.5117,-1.2842,1.1835,1.5781,-1.3794,-1.3416,-0.9593,-1.5904,0.44132,-1.0948
-1.4722,-2.5912,-2.9167,-1.6943,1.4544,-1.892,-1.5764,1.2595,1.227,-1.8208,-1.6942,-1.4241,-1.9595,1.0891,-1.203
-1.362,-1.9495,-2.5766,-1.5239,0.8945,-1.8021,-1.4517,0.74755,1.9225,-1.5104,-1.5237,-1.3485,-1.8292,0.10861,-1.1557
-1.2364,-1.2485,-1.6073,-1.4154,1.5476,-1.4685,-1.3055,0.76035,1.8299,-1.445,-1.416,-1.2795,-1.5551,0.91742,-1.109
-1.3787,-1.5942,-2.4828,-1.5732,1.1657,-1.7294,-1.447,1.3271,1.1471,-1.5928,-1.573,-1.5251,-1.7506,0.65426,-1.1682
-1.1667,-1.2354,-1.7015,-1.2019,1.3485,-1.2863,-1.1346,0.50277,0.65773,-1.3036,-1.2016,-1.1749,-1.2163,0.44903,-1.0555
-1.37,-1.6989,-2.0632,-1.5012,1.6648,-1.7129,-1.4115,0.85314,1.4221,-1.6316,-1.501,-1.3021,-1.7811,0.35899,-1.1605
-1.0078,-0.98418,-1.6226,-0.98618,1.2664,-0.95367,-0.97076,0.52007,0.87838,-1.0311,-0.98671,-0.8897,-0.8879,0.80704,-0.94217
-1.3073,-1.6162,-2.1879,-1.5304,1.4522,-1.5683,-1.3962,2.4898,1.0723,-1.4706,-1.5302,-1.0723,-1.6056,1.2686,-1.1276
-1.0669,-1.0908,-1.4991,-1.0404,0.81915,-1.0666,-1.046,0.89661,0.81075,-0.90829,-1.0402,-0.83186,-1.0996,0.83712,-0.98405
-1.3063,-1.6532,-2.4306,-1.494,2.3504,-1.6175,-1.3699,0.64976,1.811,-1.5769,-1.4939,-0.94334,-1.7038,0.60024,-1.1374
-1.3148,-1.544,-1.8728,-1.4693,2.3201,-1.5936,-1.372,1.456,1.2329,-1.6221,-1.4691,-1.0691,-1.6726,0.79339,-1.1358
-1.3959,-1.4974,-2.1053,-1.5652,1.1911,-1.6783,-1.4461,0.96215,1.6349,-1.7026,-1.565,-1.3329,-1.7471,1.0643,-1.179
-1.1316,-1.5279,-1.7269,-1.2348,0.94555,-1.1899,-1.1662,1.5367,0.41998,-1.1012,-1.2348,-1.0208,-1.174,1.1925,-1.0286
-1.2715,-1.7667,-2.6776,-1.3568,2.3303,-1.6361,-1.2997,0.41827,1.4838,-1.3684,-1.357,-1.2962,-1.7271,-0.19578,-1.106
-1.4378,-1.5707,-2.2677,-1.6393,1.166,-1.7604,-1.5052,1.7781,1.22,-1.7393,-1.6392,-1.5419,-1.8145,1.2132,-1.1938
-1.427,-2.1645,-3.14,-1.6703,1.9653,-1.9031,-1.5297,0.82328,1.9213,-1.7554,-1.6707,-1.4152,-1.9913,0.19833,-1.1884
-1.4033,-1.8382,-2.3256,-1.6716,0.6547,-1.8162,-1.536,1.6798,1.8324,-1.7113,-1.6716,-1.3783,-1.8967,1.1761,-1.1802
-1.3175,-1.3209,-1.6309,-1.5466,0.78964,-1.6301,-1.4256,1.0594,1.3622,-1.539,-1.5473,-1.3045,-1.6702,1.1772,-1.1412
-1.0202,-0.77095,-0.7409,-1.2118,1.2041,-1.1704,-1.1009,0.5254,1.3426,-1.0091,-1.2115,-0.64142,-1.0964,0.76038,-0.96786
-1.2108,-0.98158,-0.69749,-1.4083,0.83103,-1.4985,-1.2757,0.93271,1.1826,-1.3864,-1.4081,-1.0398,-1.5565,0.44423,-1.1022
-1.0662,-1.617,-2.1132,-1.0814,0.76237,-1.1656,-1.0611,0.92782,1.3849,-0.7999,-1.0811,-1.0463,-1.2444,0.49757,-0.98496
-0.88217,-1.5979,-2.3491,-0.76964,2.2685,-0.88024,-0.82357,1.0255,1.054,-0.75951,-0.77088,-0.95132,-0.93521,0.23702,-0.81436
-1.1023,-1.4598,-2.0241,-1.2346,0.5773,-1.0739,-1.1352,1.0881,0.76584,-0.98739,-1.2343,-0.77005,-1.0896,1.5081,-1.0124
-1.0844,-0.8637,-0.78214,-1.1086,0.79356,-1.0902,-1.1132,2.0205,0.66076,-1.2356,-1.1083,-0.8573,-1.0073,1.2418,-0.99429
-1.2765,-1.6991,-2.2583,-1.4368,1.0855,-1.538,-1.3446,1.6702,0.89346,-1.3928,-1.4366,-1.2576,-1.5975,0.8757,-1.1154
-1.0105,-1.1623,-1.389,-1.1351,1.0162,-0.83607,-1.0736,1.7423,1.4102,-1.1011,-1.1372,-0.80402,-0.7659,2.1006,-0.92708
-1.3323,-1.3736,-2.2378,-1.492,0.93593,-1.569,-1.3595,1.122,1.3018,-1.4971,-1.4918,-1.2842,-1.5897,0.82627,-1.1498
-1.2175,-1.8608,-2.098,-1.3844,1.0693,-1.4529,-1.2917,1.5368,1.4537,-1.2702,-1.3843,-0.93356,-1.5263,0.87565,-1.0691
-1.2254,-1.4226,-2.0001,-1.3442,1.295,-1.3328,-1.2439,1.5913,1.3723,-1.4046,-1.3439,-1.3126,-1.3574,1.1254,-1.0943
-1.5011,-2.1339,-2.4388,-1.7323,0.72179,-1.9799,-1.6024,0.99071,1.9655,-1.8789,-1.7321,-1.534,-2.0405,0.53744,-1.2151
-1.328,-1.0727,-1.065,-1.5262,0.92551,-1.6901,-1.3995,0.47821,1.1977,-1.546,-1.526,-1.0969,-1.7639,0.39604,-1.152
-1.4956,-2.0142,-2.689,-1.7436,1.9057,-1.9631,-1.604,1.2033,1.9698,-1.8864,-1.7439,-1.4683,-2.0152,0.77626,-1.2098
-1.1618,-1.4682,-1.9715,-1.3741,1.3282,-1.3287,-1.2592,1.2351,1.5119,-1.2722,-1.375,-1.061,-1.436,1.3012,-1.0593
-1.1335,-1.6952,-1.4958,-1.1266,1.4446,-1.3527,-1.1187,0.88715,0.53007,-1.0735,-1.1264,-0.83972,-1.3969,0.010322,-1.0262
-1.3325,-1.68,-2.3055,-1.5637,1.8014,-1.7214,-1.45,0.73485,2.1708,-1.6313,-1.5637,-1.2748,-1.7975,0.75914,-1.1485
-1.0111,-1.0667,-1.2224,-0.95944,1.3867,-1.0737,-0.98682,0.53083,0.85379,-0.94845,-0.9594,-0.82182,-1.1572,0.41272,-0.94356
-1.3363,-1.8974,-2.0252,-1.4677,1.5438,-1.6616,-1.3893,1.8596,1.017,-1.5987,-1.468,-1.3061,-1.7167,0.49462,-1.1451
-1.4595,-2.8412,-3.1987,-1.7473,1.3237,-1.9587,-1.6011,1.4842,2.2748,-1.7766,-1.7472,-1.4121,-2.0512,0.7734,-1.1991
-1.2436,-1.8395,-2.6095,-1.4396,1.8514,-1.4223,-1.3333,1.2613,1.616,-1.463,-1.4396,-1.2994,-1.4893,1.5245,-1.0924
-1.1741,-1.7778,-2.5264,-1.3434,1.5322,-1.3275,-1.2603,1.4829,1.2955,-1.2827,-1.3433,-1.2874,-1.3955,1.3182,-1.0542
-1.3173,-1.2866,-1.4623,-1.5277,1.1996,-1.682,-1.403,0.90828,1.9932,-1.6654,-1.5275,-1.3738,-1.7401,0.49639,-1.1524
-1.3685,-1.8089,-2.0512,-1.5223,1.8786,-1.6125,-1.4251,1.3934,1.4026,-1.7132,-1.5225,-1.0744,-1.661,1.3089,-1.1606
-1.2005,-1.5853,-1.9562,-1.3182,0.7131,-1.2509,-1.2159,1.2127,1.0465,-1.3401,-1.318,-0.63064,-1.1837,1.3194,-1.0701
-1.1455,-1.3981,-1.6335,-1.156,-0.057866,-1.2317,-1.1169,0.64874,0.19284,-1.026,-1.1559,-1.1333,-1.209,0.58535,-1.0424
-1.4865,-2.4711,-3.5198,-1.7702,1.6753,-1.9306,-1.6142,1.3125,1.726,-1.8334,-1.77,-1.5406,-2.0189,1.3999,-1.2085
-1.2186,-1.6621,-2.0108,-1.404,1.3014,-1.3318,-1.2714,1.2183,1.3564,-1.2378,-1.4046,-0.88592,-1.4188,1.408,-1.0849
-1.1101,-0.98654,-1.061,-1.193,0.37766,-1.1525,-1.145,1.3391,1.0643,-1.2501,-1.1927,-0.88552,-1.1566,1.2001,-1.0264
-1.2939,-1.9264,-2.1394,-1.3938,1.655,-1.4841,-1.3123,1.425,0.97658,-1.5252,-1.3936,-1.2296,-1.5291,0.88819,-1.1235
-1.2689,-1.9896,-2.1179,-1.4366,1.7981,-1.5745,-1.3408,1.0037,1.0079,-1.4532,-1.4365,-1.1422,-1.6033,0.5881,-1.1038
-0.992,-1.2105,-0.93694,-1.1342,1.0012,-1.0245,-1.0526,0.95954,0.74421,-1.1075,-1.1339,-0.73998,-0.81674,1.0735,-0.94279
-1.2561,-1.299,-1.9531,-1.4238,2.5783,-1.4521,-1.3142,1.2004,1.6357,-1.5202,-1.4237,-1.1089,-1.5602,1.1146,-1.109
-1.2069,-1.8814,-2.2223,-1.3521,0.915,-1.436,-1.2491,1.2124,1.3522,-1.2092,-1.3523,-0.91568,-1.5285,0.57568,-1.0713
-1.283,-1.4704,-1.5818,-1.4849,1.2766,-1.5142,-1.3846,1.4494,1.3435,-1.5078,-1.4846,-0.87826,-1.5728,1.5187,-1.1157
-1.2518,-1.6099,-2.9848,-1.3714,1.6454,-1.596,-1.3158,0.59454,1.8647,-1.4454,-1.3711,-1.4648,-1.7076,0.20176,-1.1009
-1.3306,-1.791,-2.1827,-1.485,0.80448,-1.658,-1.3818,1.4723,1.5236,-1.5152,-1.4849,-1.1191,-1.7303,0.43924,-1.1434
-1.2295,-1.3388,-1.4608,-1.441,1.1424,-1.5474,-1.3241,0.50019,2.3788,-1.4745,-1.4416,-1.4377,-1.5971,0.59794,-1.1088
-1.3962,-1.6628,-2.0717,-1.5827,1.2153,-1.7704,-1.4783,1.048,1.8261,-1.5995,-1.5825,-1.3906,-1.8541,0.72092,-1.1737
-1.3504,-1.7078,-1.9883,-1.5024,1.7249,-1.7768,-1.4243,0.10159,1.5842,-1.5256,-1.5023,-1.3892,-1.8624,0.0031697,-1.1517
-1.3085,-1.2927,-1.4442,-1.5099,0.57867,-1.5794,-1.3853,1.5556,0.90001,-1.5161,-1.5097,-0.99997,-1.5933,1.0509,-1.1384
-1.1173,-1.7726,-2.0717,-1.2161,2.2333,-1.3007,-1.1995,0.95036,1.5979,-1.2175,-1.216,-0.93426,-1.3875,0.8975,-1.0015
-1.264,-1.7093,-2.9261,-1.4311,1.815,-1.5601,-1.3296,0.625,1.4287,-1.4927,-1.4317,-1.3032,-1.6089,0.5703,-1.1095
-1.1785,-1.3274,-1.2178,-1.3825,0.97159,-1.4113,-1.2627,0.64182,1.329,-1.3377,-1.3824,-1.1117,-1.4074,0.84544,-1.0659
-1.0623,-1.1862,-1.4431,-1.164,1.7252,-1.2117,-1.1037,1.0408,1.3282,-1.2351,-1.1637,-1.2959,-1.2383,0.58448,-0.99476
-1.2943,-1.1874,-1.9886,-1.438,1.1178,-1.5344,-1.3486,1.6338,1.5641,-1.3185,-1.4378,-1.3983,-1.6081,0.94398,-1.122
-1.3352,-1.2295,-1.6931,-1.5772,0.74671,-1.725,-1.4454,0.39891,1.6285,-1.5212,-1.577,-1.4299,-1.7866,0.66959,-1.1566
-1.415,-2.0764,-2.7743,-1.6365,1.1022,-1.852,-1.5087,0.96564,1.3869,-1.601,-1.6366,-1.3153,-1.9292,0.39864,-1.181
-1.2597,-1.9511,-2.0093,-1.4162,0.95098,-1.4574,-1.3335,0.96155,1.8629,-1.3183,-1.4164,-0.92175,-1.5229,1.2928,-1.097
-1.2227,-1.7407,-1.9447,-1.4041,1.5171,-1.4018,-1.3129,1.2927,1.2765,-1.3264,-1.4056,-0.99777,-1.4745,1.4235,-1.0782
-1.052,-1.208,-1.5078,-1.1276,1.2495,-1.0605,-1.0741,1.1039,0.36809,-0.97535,-1.1273,-0.75324,-1.053,1.0717,-0.97662
-1.2845,-1.4413,-1.8372,-1.5116,0.56675,-1.6359,-1.3732,0.95576,2.0953,-1.5123,-1.5114,-1.4317,-1.7269,0.50491,-1.136
-1.4654,-1.7432,-3.109,-1.7564,1.3357,-1.9782,-1.5884,0.65851,1.7459,-1.8578,-1.7566,-1.6069,-2.0659,0.30438,-1.2053
-1.4902,-1.7163,-2.5271,-1.6577,1.0389,-1.8591,-1.5324,0.60978,1.1684,-1.8089,-1.6575,-1.5713,-1.8927,0.68249,-1.2122
-1.1861,-1.2519,-1.6767,-1.3288,2.1163,-1.3707,-1.2234,1.3178,0.65616,-1.4245,-1.3285,-0.75499,-1.3804,0.72139,-1.0666
-1.3827,-1.4521,-2.4865,-1.5853,1.4559,-1.791,-1.4551,1.3347,1.5092,-1.5829,-1.5868,-1.3969,-1.8747,0.2421,-1.169
-1.4279,-2.3186,-3.2551,-1.6739,1.6585,-1.8124,-1.548,1.9123,1.7225,-1.7022,-1.6737,-1.383,-1.8608,1.4301,-1.1816
-1.3212,-1.4118,-1.8501,-1.4989,0.60843,-1.5325,-1.3709,1.8984,1.1975,-1.4622,-1.4989,-1.1425,-1.5661,1.2156,-1.1416
-1.2011,-1.4158,-1.4298,-1.4206,1.3211,-1.3556,-1.3097,1.5977,1.9849,-1.4659,-1.4205,-1.1297,-1.4052,1.6826,-1.0789
-0.97617,-1.5392,-2.0048,-1.1071,1.1588,-1.0774,-1.0479,1.5327,1.6602,-0.79222,-1.1096,-1.0196,-1.1391,0.80263,-0.90773
-1.1526,-0.98648,-1.3453,-1.3264,0.33462,-1.3261,-1.2279,0.036718,1.2117,-1.1836,-1.3261,-1.1385,-1.3026,1.0121,-1.0475
-1.2211,-1.0245,-1.5338,-1.3159,2.126,-1.5371,-1.2353,0.73323,1.4714,-1.5304,-1.3156,-1.2168,-1.5338,-0.11958,-1.092
-1.1705,-0.48487,-0.72799,-1.3599,0.42247,-1.4799,-1.2587,-0.10426,0.97598,-1.3862,-1.3597,-0.64883,-1.4971,0.40337,-1.0936
-1.2617,-1.3788,-1.4816,-1.478,1.1494,-1.5583,-1.3725,0.64738,1.644,-1.3804,-1.4783,-1.4326,-1.6261,1.0513,-1.119
-1.2822,-1.7578,-2.6099,-1.379,2.6225,-1.5636,-1.3075,0.62742,1.4811,-1.5111,-1.3787,-1.2617,-1.6155,0.3321,-1.1207
-1.1461,-1.6002,-1.8091,-1.2636,1.89,-1.2357,-1.19,1.5546,1.1509,-1.1845,-1.2635,-0.93368,-1.2954,1.1623,-1.025
-1.3404,-1.516,-2.1653,-1.5453,1.758,-1.665,-1.4221,1.5252,2.1531,-1.5922,-1.5453,-1.3514,-1.7555,0.85676,-1.1545
-1.3942,-1.6951,-2.2441,-1.5862,0.92615,-1.7142,-1.4623,1.3947,1.2284,-1.6686,-1.5861,-1.3964,-1.7685,0.98753,-1.1772
-1.3738,-2.1652,-2.3876,-1.612,1.2344,-1.6574,-1.4744,2.2567,2.0175,-1.6564,-1.6117,-1.0989,-1.6927,1.6589,-1.1598
-1.4216,-1.7225,-2.5569,-1.61,0.81441,-1.7679,-1.488,0.66069,1.1541,-1.6775,-1.6105,-1.5332,-1.8284,0.88133,-1.1873
-1.4589,-2.4502,-3.5953,-1.7438,1.5399,-1.9411,-1.6007,0.87957,1.794,-1.7759,-1.7449,-1.556,-2.0378,0.98266,-1.1987
-1.1838,-1.3913,-1.8309,-1.2926,1.222,-1.4025,-1.2002,0.91343,1.2957,-1.2583,-1.2924,-1.1181,-1.4976,0.3525,-1.0672
-1.3763,-1.4984,-2.7584,-1.5482,1.201,-1.6667,-1.4292,1.1738,1.2938,-1.6492,-1.548,-1.4208,-1.7546,0.93376,-1.1673
-1.308,-1.8685,-1.7944,-1.5645,1.1395,-1.4607,-1.4189,2.1837,1.2414,-1.5925,-1.5643,-1.3182,-1.4047,2.4096,-1.1297
-1.2834,-1.1356,-1.0587,-1.4932,1.0194,-1.5624,-1.367,1.2812,1.1299,-1.5692,-1.4941,-1.0915,-1.6253,0.95727,-1.1305
-0.94274,-0.081877,-0.48648,-0.99736,-0.022855,-1.3048,-0.96258,0.64296,0.73979,-1.1082,-0.99705,-0.66198,-1.3555,-0.67359,-0.96415
-1.189,-1.3856,-1.7472,-1.3223,1.0154,-1.2378,-1.2352,1.3344,0.92984,-1.2098,-1.322,-1.0736,-1.2616,1.5828,-1.0595
-1.411,-1.318,-2.4915,-1.6935,0.092405,-1.8827,-1.5261,0.73035,2.4899,-1.7327,-1.6934,-1.5444,-1.9599,0.34959,-1.1911
-1.2908,-2.1044,-1.4645,-1.5397,1.169,-1.5508,-1.4046,1.2212,2.271,-1.5381,-1.5395,-1.2116,-1.6119,1.51,-1.1245
-1.2253,-1.6352,-0.59509,-1.2801,1.4281,-1.5018,-1.2579,0.1815,1.5883,-1.3463,-1.2799,-1.0302,-1.5941,0.26772,-1.0868
-1.455,-2.1145,-2.9227,-1.6832,0.24374,-1.8594,-1.5677,0.97337,2.381,-1.739,-1.6831,-1.4242,-1.893,1.2913,-1.1989
-1.4186,-1.5446,-2.7852,-1.664,1.5585,-1.8361,-1.5265,1.1206,1.2054,-1.7745,-1.6643,-1.43,-1.9025,0.81862,-1.1888
-1.4245,-1.5822,-2.3307,-1.6901,0.9327,-1.8365,-1.5428,1.3987,1.3528,-1.7004,-1.6904,-1.361,-1.9179,1.0844,-1.1907
-1.2145,-1.5205,-1.2697,-1.3423,1.1048,-1.4271,-1.2723,1.4465,1.5573,-1.3753,-1.3422,-1.1239,-1.4212,0.84327,-1.0865
-1.2461,-1.778,-2.4465,-1.4003,1.9071,-1.5105,-1.3169,0.72815,1.7404,-1.344,-1.4002,-1.4118,-1.5779,0.76555,-1.0902
-1.403,-2.1706,-2.9736,-1.6412,1.7569,-1.8351,-1.5178,0.82833,1.8027,-1.6834,-1.6412,-1.3764,-1.9116,0.69378,-1.1725
-1.336,-1.3597,-1.8243,-1.5647,1.1586,-1.7496,-1.4628,0.77153,2.0564,-1.603,-1.5649,-1.4471,-1.8053,0.69068,-1.1518
-1.1318,-1.3012,-1.7117,-1.2298,0.84436,-1.2276,-1.1742,1.4613,1.039,-1.2732,-1.2295,-0.83425,-1.176,1.0657,-1.0203
-1.2714,-0.93907,-0.90827,-1.4566,1.6481,-1.4454,-1.3634,1.2377,0.22595,-1.6973,-1.4566,-0.8822,-1.2577,1.7373,-1.1083
-0.98686,-0.96904,-0.94,-0.99901,1.5463,-0.95867,-0.99128,1.4779,0.94837,-1.066,-0.99961,-0.72653,-0.96037,0.92294,-0.91705
-1.4246,-2.5102,-3.2955,-1.7164,1.3623,-1.8975,-1.5748,0.67828,1.8345,-1.7218,-1.7164,-1.5418,-1.9861,0.99553,-1.1848
-1.2961,-1.6288,-1.7909,-1.4695,1.215,-1.5904,-1.3668,1.434,0.83414,-1.5144,-1.4699,-1.0264,-1.6857,0.75732,-1.1269
-1.3501,-1.5786,-1.6543,-1.556,0.20687,-1.6629,-1.4439,1.0889,1.2581,-1.5684,-1.5558,-1.3041,-1.7179,1.1604,-1.1535
-1.1074,-1.2736,-1.6281,-1.1358,1.2038,-1.2038,-1.1055,0.86598,1.4517,-1.1553,-1.1366,-1.0923,-1.2806,0.63541,-1.0193
-1.2455,-1.6809,-2.2811,-1.3999,1.2231,-1.468,-1.3054,1.836,1.1635,-1.3637,-1.3998,-1.1373,-1.5681,0.91975,-1.0947
-1.0592,-0.8967,-1.647,-1.2135,0.71517,-1.1193,-1.1495,2.1324,1.5829,-1.1163,-1.2134,-0.9947,-1.0492,1.4071,-0.98473
-1.3826,-1.7404,-2.1744,-1.5954,0.86844,-1.6978,-1.4772,1.4966,1.328,-1.5968,-1.5953,-1.3162,-1.7547,1.3479,-1.1692
-1.1782,-1.3222,-2.1084,-1.2767,2.4443,-1.3012,-1.1963,0.73863,0.98931,-1.4629,-1.2767,-1.1538,-1.2227,0.86655,-1.058
-1.4041,-2.2977,-2.2978,-1.5798,1.3752,-1.784,-1.4632,1.5909,1.0666,-1.6797,-1.5796,-1.2712,-1.8475,0.40207,-1.1743
-1.2594,-1.5789,-2.2681,-1.481,1.6436,-1.475,-1.3645,1.4002,1.064,-1.391,-1.4808,-1.0866,-1.5549,1.5435,-1.108
-1.2411,-1.7401,-1.9235,-1.349,1.3497,-1.4152,-1.2596,1.2419,1.7051,-1.2857,-1.3488,-0.93626,-1.4527,0.79375,-1.0931
-1.2648,-1.0232,-1.0354,-1.4424,0.82712,-1.6066,-1.3604,0.68539,1.1916,-1.5178,-1.4425,-1.4072,-1.616,0.57471,-1.1134
-1.2446,-1.4864,-2.3223,-1.4839,2.2825,-1.5031,-1.3441,0.96285,1.2761,-1.4938,-1.4838,-1.4499,-1.5788,1.1074,-1.108
-1.2358,-1.5532,-1.9577,-1.3609,2.4836,-1.4481,-1.2788,1.43,1.3213,-1.4471,-1.3614,-1.0322,-1.5158,0.77848,-1.0865
-1.3097,-1.5689,-2.4122,-1.4693,0.86223,-1.5886,-1.3769,0.95642,1.9593,-1.433,-1.469,-1.4758,-1.6422,0.88509,-1.1333
-1.4692,-2.142,-2.519,-1.7205,1.3261,-1.9085,-1.5766,1.0491,0.94903,-1.8078,-1.7205,-1.5321,-1.9561,0.90313,-1.2023
-1.4081,-0.92685,-1.0726,-1.6368,0.22637,-1.7015,-1.5003,1.7707,0.63643,-1.7094,-1.6367,-1.0548,-1.7379,1.6844,-1.1879
-1.2383,-1.6953,-2.1463,-1.3485,3.2837,-1.4541,-1.2699,0.50809,1.3587,-1.5204,-1.3485,-1.1,-1.5518,0.65828,-1.0969
-1.2918,-1.868,-1.9467,-1.4284,1.5122,-1.5246,-1.3348,1.282,0.84074,-1.422,-1.4281,-1.0896,-1.5561,0.86022,-1.1219
-1.4833,-2.6955,-3.6315,-1.7321,1.6151,-1.9592,-1.5962,1.4012,2.1479,-1.8467,-1.7319,-1.5296,-2.0242,0.67281,-1.2053
-1.4376,-1.8225,-2.7963,-1.6932,0.9389,-1.828,-1.5551,1.39,2.0956,-1.7597,-1.693,-1.4932,-1.8554,1.396,-1.1953
-1.4148,-1.7967,-2.1476,-1.5977,1.6477,-1.7613,-1.4867,1.3753,0.75148,-1.8061,-1.5977,-1.221,-1.774,0.92266,-1.182
-0.79649,-1.1767,-0.98902,-0.85778,1.5419,-0.63759,-0.80506,1.1135,1.1318,-0.75124,-0.85816,-0.41625,-0.54934,0.99071,-0.74594
-1.4527,-1.9453,-3.5842,-1.7282,1.2396,-1.9328,-1.579,0.61424,1.8806,-1.7697,-1.7281,-1.5403,-2.0289,0.66864,-1.1963
-1.4418,-2.2173,-3.1068,-1.709,1.2991,-1.9202,-1.5588,1.3337,2.0674,-1.7572,-1.7089,-1.4241,-2.0104,0.4654,-1.1938
-1.2686,-1.9285,-2.2286,-1.4332,2.4304,-1.5038,-1.3214,0.93722,1.6038,-1.4819,-1.4331,-1.1242,-1.6143,0.85519,-1.101
-1.3903,-1.7875,-1.2745,-1.6404,0.49389,-1.7592,-1.5027,0.91523,2.0964,-1.7196,-1.6405,-1.163,-1.8036,1.1846,-1.1764
-1.1764,-1.4059,-2.2216,-1.3761,0.91033,-1.3495,-1.267,1.2794,1.0888,-1.2674,-1.3761,-1.2259,-1.3533,1.2563,-1.0667
-1.0691,-1.0229,-1.4486,-1.0597,-0.10672,-1.0787,-1.0296,1.2473,0.59734,-0.77846,-1.0593,-0.98998,-1.0673,0.66917,-0.99365
-1.3444,-0.97813,-1.4959,-1.5538,0.70537,-1.6111,-1.423,1.554,0.92563,-1.5873,-1.5539,-1.0752,-1.6284,1.2928,-1.162
-1.3987,-1.5681,-2.1211,-1.5802,1.2997,-1.6746,-1.4515,1.5126,1.6628,-1.6847,-1.5804,-1.3693,-1.7022,1.1695,-1.1726
-1.2336,-1.7079,-0.80985,-1.3698,1.3427,-1.4894,-1.2833,0.81286,1.4639,-1.3633,-1.3728,-1.0953,-1.5244,0.56963,-1.0831
-1.1993,-1.6302,-1.9587,-1.3726,2.1447,-1.3843,-1.2935,1.9826,1.5972,-1.4707,-1.3723,-1.2461,-1.4825,1.3208,-1.071
-1.042,-1.5358,-1.8583,-0.94757,0.92491,-1.0632,-0.96686,0.99554,0.98973,-1.0379,-0.94923,-0.80638,-1.0464,0.33434,-0.96882
-1.3732,-2.0769,-3.0931,-1.6008,1.3079,-1.7736,-1.4712,0.87816,1.6364,-1.5961,-1.6016,-1.2066,-1.8749,0.59539,-1.1663
-1.2293,-1.2637,-1.4188,-1.3774,0.82789,-1.3633,-1.2989,1.629,1.392,-1.4448,-1.3772,-0.87169,-1.3831,1.5112,-1.0906
-1.2804,-1.7436,-2.6921,-1.4095,1.1569,-1.6571,-1.3387,1.1292,1.9343,-1.4069,-1.4093,-1.3497,-1.7239,0.011663,-1.1166
-0.99043,-1.1377,-1.3558,-0.91264,0.62055,-0.95366,-0.90306,1.6058,0.96239,-0.84147,-0.91272,-0.73128,-1.0478,0.39505,-0.93848
-1.2908,-1.5451,-2.0766,-1.4243,0.69211,-1.5404,-1.3414,0.84709,1.3823,-1.4217,-1.4241,-1.3338,-1.576,0.82445,-1.1234
-1.2726,-1.1947,-1.5854,-1.4256,1.7061,-1.5245,-1.3085,0.86933,1.3997,-1.533,-1.4257,-1.0043,-1.5634,0.59107,-1.1207
-1.3878,-1.7919,-2.5377,-1.563,1.5567,-1.6854,-1.441,0.78509,1.4587,-1.6627,-1.5633,-1.4101,-1.7292,0.93734,-1.1719
-1.2059,-1.9331,-0.79084,-1.4267,1.2826,-1.369,-1.3096,1.6198,1.4075,-1.3756,-1.4264,-1.211,-1.4156,1.596,-1.0713
-1.173,-1.7003,-2.1668,-1.2926,1.7631,-1.361,-1.2146,0.86844,1.6451,-1.2605,-1.2925,-0.87144,-1.4542,0.6985,-1.0528
-1.2115,-1.6743,-1.6947,-1.3698,1.3664,-1.439,-1.279,1.4987,0.97504,-1.3439,-1.3695,-0.87367,-1.5298,0.83686,-1.0734
-1.3261,-1.8478,-2.2675,-1.5461,1.772,-1.6355,-1.4174,2.0741,2.1383,-1.6056,-1.546,-1.3661,-1.6694,1.0271,-1.1376
-1.0489,-1.6312,-1.9357,-1.1302,1.2146,-1.1806,-1.085,0.97176,0.99404,-1.0259,-1.1298,-1.1731,-1.2561,0.5958,-0.96569
-1.3538,-1.4097,-1.7009,-1.5768,1.9931,-1.742,-1.4641,0.65189,2.1843,-1.7533,-1.5766,-1.3975,-1.8233,0.77326,-1.1589
-1.3975,-1.9802,-2.5613,-1.6033,2.2649,-1.7485,-1.4835,1.4817,1.24,-1.7184,-1.6033,-1.4221,-1.8369,0.9911,-1.1771
-0.83319,-0.98246,-1.1818,-0.76365,1.1239,-0.55155,-0.79231,1.806,0.7802,-0.76298,-0.76349,-0.62831,-0.50337,1.2155,-0.80134
-1.3802,-1.2631,-1.1902,-1.534,0.29386,-1.6724,-1.452,1.3784,0.26917,-1.5974,-1.5338,-1.1758,-1.6658,1.1956,-1.1678
-1.3776,-1.4407,-1.807,-1.5862,0.94034,-1.7254,-1.4767,1.1242,1.2655,-1.6608,-1.5866,-1.3144,-1.8038,1.0958,-1.1667
-1.4319,-1.8021,-2.4945,-1.6439,0.47444,-1.7274,-1.497,1.2121,1.2793,-1.6545,-1.6442,-1.3978,-1.7513,1.3894,-1.1911
-1.1686,-1.2416,-1.5578,-1.2959,1.3545,-1.3359,-1.2144,1.1999,0.24068,-1.2873,-1.2973,-1.0561,-1.3441,0.83494,-1.0604
-1.3624,-1.7081,-2.2314,-1.5372,0.48143,-1.7178,-1.4329,1.7001,1.0603,-1.4557,-1.5384,-1.3891,-1.7975,0.57157,-1.1576
-1.4209,-1.9258,-2.2584,-1.678,0.85437,-1.8037,-1.5255,0.8238,1.6156,-1.6071,-1.6784,-1.4084,-1.8925,1.1259,-1.1843
-0.86989,-1.4221,-1.0562,-0.78291,1.0949,-0.90027,-0.82354,0.8327,0.94754,-0.76161,-0.78257,-0.45136,-0.92448,0.16577,-0.82006
-1.0925,-1.3855,-1.5267,-1.1905,1.0274,-1.0586,-1.1115,2.1844,1.5774,-1.1973,-1.1902,-1.184,-0.97517,1.3795,-1.0064
-1.3129,-1.887,-2.4694,-1.4971,1.1597,-1.5773,-1.3946,1.0439,1.5906,-1.4749,-1.4968,-1.2963,-1.6003,1.1807,-1.1305
-1.3384,0.044912,-0.15152,-1.4622,-0.0783,-1.8034,-1.3815,-0.83479,-0.48373,-1.7819,-1.4619,-0.3634,-1.8161,-0.61881,-1.1759
-1.3633,-1.5513,-1.5835,-1.5555,1.5494,-1.6987,-1.4522,0.65782,1.244,-1.67,-1.5554,-1.1138,-1.7487,0.97828,-1.1562
-1.318,-1.9061,-2.561,-1.5031,2.5035,-1.6279,-1.394,1.3333,1.1655,-1.6126,-1.5029,-1.4082,-1.7233,0.7983,-1.1363
-1.4569,-1.5529,-3.0144,-1.7589,1.2823,-1.895,-1.578,1.1139,2.0832,-1.8884,-1.7587,-1.5478,-1.926,1.0848,-1.203
-1.2956,-1.4112,-1.8593,-1.474,1.7142,-1.5803,-1.3595,1.6138,1.1121,-1.4865,-1.4751,-1.1996,-1.6591,0.74732,-1.1294
-1.3435,-1.0806,-1.5492,-1.5334,1.0876,-1.6044,-1.4156,0.95764,0.78939,-1.6616,-1.5335,-1.3295,-1.5933,1.2454,-1.1539
-1.0361,-1.2221,-1.2854,-1.0653,1.4239,-1.1377,-1.046,1.1419,0.90637,-1.0938,-1.0653,-0.79275,-1.1023,0.51979,-0.95978
-1.399,-1.7507,-2.3555,-1.619,1.0229,-1.7453,-1.4954,1.2972,2.1203,-1.6806,-1.6195,-1.3548,-1.8084,1.1993,-1.1816
-1.2042,-1.866,-2.1437,-1.3227,1.5953,-1.3809,-1.252,0.95103,1.2351,-1.331,-1.3225,-0.81048,-1.425,0.92356,-1.0624
-1.286,-1.047,-1.3805,-1.4944,0.53675,-1.6147,-1.3956,0.83421,1.3392,-1.4581,-1.4943,-1.3071,-1.6878,0.91454,-1.1283
-1.1399,-1.4921,-1.4684,-1.2784,1.2621,-1.3222,-1.2111,0.92014,1.6235,-1.1778,-1.2792,-1.2099,-1.401,0.88173,-1.0368
-1.0604,-1.5281,-0.51207,-1.0918,0.63713,-1.2458,-1.0664,-0.075572,1.3486,-0.97554,-1.0915,-1.0186,-1.3224,0.168,-0.98784
-1.3899,-1.6342,-2.3236,-1.5899,1.0131,-1.6925,-1.4589,1.5157,1.349,-1.6579,-1.5899,-1.3353,-1.7112,1.123,-1.1728
-1.1978,-0.96911,-0.83346,-1.3312,0.64687,-1.4261,-1.2413,0.73063,0.72481,-1.43,-1.3311,-0.85316,-1.3844,0.56469,-1.0801
-1.185,-1.9028,-2.2915,-1.3142,2.5155,-1.4909,-1.2621,1.3865,2.1964,-1.294,-1.314,-1.0865,-1.5833,0.36871,-1.0488
-1.436,-1.6154,-2.2925,-1.6823,1.7168,-1.8636,-1.5259,1.2655,1.551,-1.781,-1.6827,-1.3907,-1.9302,0.53633,-1.1941
-1.2894,-1.2782,-1.6301,-1.4607,0.48237,-1.5681,-1.3593,1.0679,1.3804,-1.3463,-1.4605,-1.2475,-1.6092,0.83046,-1.1209
-1.0991,-1.1032,-1.6816,-1.2351,1.249,-1.1683,-1.1623,1.565,1.6035,-1.1807,-1.2348,-0.95854,-1.2086,1.2697,-1.0138
-1.3406,-1.2195,-1.827,-1.599,0.7324,-1.7513,-1.4698,0.62754,1.707,-1.5659,-1.5989,-1.5219,-1.7945,0.77143,-1.152
-1.1905,-1.4205,-1.657,-1.2331,0.84314,-1.2749,-1.1898,2.172,0.35837,-1.269,-1.2328,-1.2132,-1.3149,0.95162,-1.0609
-1.3675,-1.6381,-2.0428,-1.5743,0.90385,-1.7885,-1.466,0.78786,1.9514,-1.6054,-1.5741,-1.5221,-1.8782,0.39979,-1.166
-1.3399,-1.6942,-2.0488,-1.4944,1.7738,-1.6158,-1.386,1.1584,1.5047,-1.6081,-1.4946,-1.2978,-1.657,0.79383,-1.1515
-1.0333,-1.6343,-1.9231,-1.107,1.2705,-1.0969,-1.0563,1.287,1.705,-1.0379,-1.1067,-0.78232,-1.1608,0.77469,-0.95423
-1.4006,-1.8426,-2.4064,-1.6247,0.96148,-1.7204,-1.4899,1.778,1.6991,-1.6324,-1.6245,-1.3498,-1.7483,1.3415,-1.174
-1.1678,-1.4985,-1.7653,-1.3306,0.744,-1.294,-1.2457,1.7272,1.5769,-1.2418,-1.3303,-0.87995,-1.3165,1.3673,-1.057
-1.4614,-2.6626,-2.9932,-1.6978,1.6738,-1.8988,-1.5694,0.9319,2.1458,-1.8261,-1.6976,-1.4484,-1.9585,0.88145,-1.1969
-1.3379,-1.6832,-1.9988,-1.5099,1.2459,-1.6165,-1.4046,1.4556,1.3877,-1.6311,-1.5105,-1.2133,-1.6118,1.0115,-1.1454
-1.2903,-1.1743,-1.5835,-1.443,1.585,-1.5881,-1.3358,0.61841,1.0563,-1.5123,-1.4428,-1.1751,-1.6776,0.44679,-1.1312
-1.3964,-1.5692,-2.2009,-1.5956,1,-1.7946,-1.4733,1.7196,1.6992,-1.6343,-1.596,-1.2461,-1.8569,0.44151,-1.1759
-1.2171,-1.655,-1.9232,-1.3708,1.3947,-1.3498,-1.2806,0.8317,1.6259,-1.2426,-1.3709,-1.0721,-1.4164,1.3963,-1.0807
-0.79513,-0.86465,-0.90169,-0.81564,1.3189,-0.49133,-0.80927,0.82176,0.91577,-0.93328,-0.81525,-1.0224,-0.20668,1.5272,-0.72954
-1.1993,-1.738,-2.3254,-1.325,1.5336,-1.4685,-1.2538,0.51463,1.4018,-1.3594,-1.3257,-1.357,-1.5438,0.42762,-1.0683
-1.1713,-1.5651,-1.7204,-1.2745,0.87162,-1.2768,-1.2165,1.8157,0.18176,-1.1453,-1.2743,-1.1486,-1.2693,1.1822,-1.056
-1.442,-2.1707,-3.1016,-1.7033,1.0904,-1.9074,-1.5525,0.78414,2.1938,-1.7521,-1.7032,-1.5006,-1.9988,0.50018,-1.1912
-1.4726,-1.3075,-2.3246,-1.7383,0.76321,-1.9239,-1.5684,1.1837,1.7458,-1.8782,-1.7383,-1.4673,-2.0043,0.58498,-1.2137
-1.2449,-1.5646,-2.0307,-1.471,0.77496,-1.4487,-1.3401,0.90567,1.5386,-1.3608,-1.4708,-1.3265,-1.4148,1.4281,-1.0978
-1.2149,-1.1653,-0.96602,-1.3899,1.8509,-1.4628,-1.2719,1.0783,1.1187,-1.5047,-1.3897,-0.98768,-1.4613,0.62469,-1.0899
-1.2672,-1.9788,-2.2508,-1.4339,0.79895,-1.4947,-1.3192,1.0097,1.1967,-1.2989,-1.4337,-1.047,-1.5583,0.89202,-1.1094
-1.002,-0.063494,-0.074164,-1.1052,0.1238,-1.2601,-1.0367,0.25729,1.1143,-1.0509,-1.1049,-0.9826,-1.2686,-0.081648,-0.99817
-1.1653,-1.364,-1.7608,-1.2218,1.4923,-1.348,-1.1885,0.87284,1.1411,-1.3373,-1.2216,-0.7208,-1.4031,0.55101,-1.0541
-1.3459,-1.3338,-2.2115,-1.5277,0.8336,-1.5948,-1.4102,1.9058,1.3337,-1.4716,-1.5276,-1.3327,-1.6322,1.248,-1.1549
-1.3327,-1.1306,-1.4161,-1.4814,0.72706,-1.583,-1.3846,1.0984,1.4219,-1.5599,-1.4813,-1.2679,-1.5922,1.0158,-1.1452
-1.3561,-2.0058,-2.2287,-1.5265,0.54499,-1.6828,-1.4131,1.3345,1.9229,-1.5418,-1.5266,-1.1629,-1.7183,0.60896,-1.1551
-1.3517,-2.2465,-2.9109,-1.5749,1.2234,-1.6483,-1.4519,2.1081,1.6782,-1.5753,-1.5747,-1.3264,-1.6717,1.3948,-1.1478
-1.3042,-1.6322,-2.224,-1.4843,1.5899,-1.5414,-1.3804,1.4023,1.5435,-1.5293,-1.4842,-1.2668,-1.5869,1.2681,-1.1242
-1.1933,-1.8367,-2.2927,-1.4034,1.6158,-1.4229,-1.29,0.64651,1.4376,-1.2045,-1.4032,-1.0435,-1.4726,1.0443,-1.0698
-1.3042,-1.8398,-2.093,-1.4348,1.1194,-1.5847,-1.3518,0.94673,1.3472,-1.5002,-1.4346,-1.2327,-1.6525,0.63385,-1.1262
-1.2859,-2.0545,-2.2899,-1.4366,1.7171,-1.5586,-1.3473,1.4154,1.4994,-1.5098,-1.4364,-1.222,-1.6146,0.76495,-1.1145
-1.4036,-1.5132,-1.8564,-1.6233,1.3532,-1.7692,-1.5026,0.88379,1.3201,-1.7462,-1.6234,-1.4109,-1.829,1.0902,-1.1755
-1.3224,-1.9294,-2.8597,-1.4995,1.3375,-1.6288,-1.4165,0.97522,0.92349,-1.4694,-1.4992,-1.3494,-1.6851,1.0684,-1.1415
-1.3323,-1.3796,-2.2907,-1.5248,1.8706,-1.6964,-1.4143,0.98783,1.5843,-1.6213,-1.5246,-1.2723,-1.7357,0.51755,-1.1426
-1.3233,-1.3008,-1.5976,-1.4829,1.6345,-1.742,-1.3856,-0.10281,1.4621,-1.5346,-1.483,-0.94384,-1.8335,-0.13371,-1.1502
-1.3609,-2.0055,-2.3953,-1.5512,1.2089,-1.6208,-1.4486,1.3428,1.2569,-1.4913,-1.5514,-1.3586,-1.6854,1.5763,-1.1533
-1.2808,-1.3841,-1.6499,-1.4396,0.80535,-1.4872,-1.3636,1.1057,1.5899,-1.4285,-1.4403,-1.072,-1.4724,1.4462,-1.1149
-1.1013,-1.2713,-1.0638,-1.2316,1.3706,-1.1717,-1.1354,0.96128,0.85003,-1.3347,-1.2314,-0.71149,-1.1094,1.024,-1.0186
-0.95937,-0.98527,-0.68459,-0.98168,1.5075,-0.97143,-0.95217,0.49971,1.4183,-1.035,-0.98208,-0.52181,-0.96979,0.61672,-0.91659
-1.2544,-1.4341,-1.6313,-1.4411,1.0925,-1.4585,-1.3517,1.0635,1.5427,-1.4849,-1.441,-1.0936,-1.5458,1.4994,-1.1026
-1.3058,-1.6546,-2.3141,-1.4396,1.2639,-1.5822,-1.3551,1.3607,1.2542,-1.5241,-1.4394,-1.3934,-1.6292,0.68697,-1.1309
-1.248,-1.6032,-2.0939,-1.426,2.357,-1.5142,-1.3263,0.61089,1.9339,-1.4571,-1.4259,-1.0442,-1.5928,0.83911,-1.0985
-1.3189,-1.1814,-2.0866,-1.5428,1.3763,-1.6489,-1.4124,1.6936,1.2659,-1.5188,-1.5426,-1.2481,-1.7469,0.86118,-1.1459
-1.299,-1.5471,-2.1464,-1.5038,1.4076,-1.5981,-1.3757,1.1619,1.4855,-1.5051,-1.5036,-1.2956,-1.6508,0.80316,-1.1336
-0.94416,-0.44621,-0.093863,-1.0079,0.85673,-1.0489,-0.94718,-0.54542,0.67417,-1.0893,-1.0085,-0.32311,-1.0614,0.27612,-0.95522
-1.365,-1.4923,-2.2682,-1.5619,1.7279,-1.7505,-1.4599,0.8479,1.3933,-1.6591,-1.5617,-1.2858,-1.8179,0.6448,-1.1618
-1.2823,-2.2029,-2.7877,-1.4729,2.7102,-1.5592,-1.3678,1.0899,1.6614,-1.5857,-1.4732,-1.2132,-1.6224,0.98932,-1.1129
-1.1719,-1.4904,-1.8765,-1.2748,1.6917,-1.258,-1.2176,1.3298,0.72339,-1.2925,-1.2747,-0.98383,-1.2127,1.2969,-1.044
-1.4024,-1.6413,-2.4163,-1.607,1.4879,-1.7352,-1.4623,1.8977,1.8913,-1.7593,-1.607,-1.4914,-1.7465,0.8068,-1.1747
-1.057,-1.4973,-2.0228,-1.0593,1.145,-1.0849,-1.0277,0.7573,1.7313,-1.0569,-1.0591,-0.98706,-1.1148,0.62948,-0.98362
-1.1907,-1.6029,-1.9567,-1.3412,1.1225,-1.392,-1.2528,1.4439,2.0085,-1.3158,-1.3412,-1.2992,-1.4344,0.86618,-1.0718
-1.2139,-1.3099,-2.0997,-1.3467,1.4655,-1.3633,-1.2562,1.3649,1.2855,-1.313,-1.3464,-1.2425,-1.3703,1.0675,-1.0767
-1.4003,-1.5468,-1.4677,-1.5729,1.5168,-1.7544,-1.4582,0.76502,1.5297,-1.7417,-1.5727,-1.1628,-1.7814,0.58956,-1.1756
-1.3685,-1.4709,-2.2188,-1.5716,1.4924,-1.77,-1.4457,1.2682,1.3358,-1.5794,-1.5715,-1.3549,-1.8631,0.30285,-1.1609
-1.4104,-1.9055,-2.6244,-1.6442,1.5236,-1.7962,-1.4993,1.0908,2.1572,-1.6698,-1.6442,-1.4925,-1.8624,0.788,-1.1815
-1.4747,-1.0615,-1.4908,-1.5868,1.2435,-1.9674,-1.5342,-0.48493,1.442,-1.794,-1.5867,-0.94827,-1.9905,-0.38882,-1.1877
-0.93125,-1.417,-1.7656,-1.0031,1.3428,-0.81325,-0.96143,1.4216,0.87499,-0.68827,-1.0042,-0.59101,-0.82914,1.3172,-0.86428
-1.1459,-1.3932,-1.9452,-1.2179,0.68233,-1.1758,-1.1373,0.89138,1.1663,-1.2019,-1.2177,-0.9899,-1.0746,1.0193,-1.0454
-1.0836,-1.2109,-1.1931,-1.1927,0.9197,-1.0522,-1.1356,1.2407,1.4312,-1.1662,-1.1926,-0.94478,-1.0022,1.6201,-0.9998
-1.1111,-1.0285,-1.4932,-1.342,0.97676,-1.2346,-1.2247,1.1855,1.5698,-1.3143,-1.3423,-1.2143,-1.2372,1.4958,-1.0356
-0.4497,0.017248,-0.39832,-0.31071,0.1067,-0.45323,-0.32318,0.73546,0.44226,-0.66191,-0.3105,-0.91596,-0.4857,-0.48137,-0.59265
-1.2598,-1.0963,-1.3935,-1.4756,1.0458,-1.556,-1.3492,0.5505,1.805,-1.4446,-1.4758,-1.2428,-1.6152,0.80331,-1.1231
-0.88269,-1.3089,-1.6488,-0.98418,1.3151,-0.79173,-0.93352,1.9982,1.2635,-0.87174,-0.98401,-1.0334,-0.61604,1.2125,-0.7979
-1.4407,-1.7702,-1.7664,-1.6939,1.1187,-1.8457,-1.5534,0.76673,1.6023,-1.7728,-1.6946,-1.3666,-1.9111,1.1743,-1.1912
-1.0932,-1.1822,-1.3193,-1.2309,1.079,-1.2093,-1.1597,1.2388,1.3567,-1.2187,-1.231,-1.1624,-1.2871,1.0366,-1.0333
-1.4658,-2.0928,-2.2084,-1.6917,1.1782,-1.8044,-1.5455,1.2386,0.644,-1.8178,-1.6917,-1.3052,-1.7934,1.4672,-1.201
-1.0874,-0.50342,-0.13524,-1.2683,0.14578,-1.4162,-1.1552,-0.55442,1.376,-1.1314,-1.268,-1.0326,-1.5097,-0.055433,-1.0434
-1.4073,-1.5191,-1.8615,-1.6202,1.2764,-1.7807,-1.5071,1.2328,1.0606,-1.6492,-1.62,-1.3064,-1.8506,1.0511,-1.1803
-1.4186,-1.6788,-1.8872,-1.6804,0.74252,-1.7972,-1.5395,1.5457,1.3678,-1.7216,-1.6803,-1.1971,-1.8634,1.4332,-1.1801
-1.3767,-2.0151,-2.3624,-1.5559,1.1293,-1.6909,-1.446,2.2966,1.0797,-1.6846,-1.5559,-1.1431,-1.664,0.95827,-1.1626
-1.3049,-2.2017,-2.2706,-1.5124,1.5082,-1.5602,-1.3967,1.0024,1.7032,-1.5447,-1.5128,-1.0616,-1.5881,1.3359,-1.1279
-1.1611,-1.0627,-1.8288,-1.3629,0.58587,-1.239,-1.2579,1.295,1.6535,-1.2348,-1.3627,-1.0976,-1.2455,1.8156,-1.0526
-1.2771,-1.5404,-1.2942,-1.4581,1.169,-1.5147,-1.3492,1.1708,1.73,-1.5713,-1.4582,-0.73033,-1.4978,1.0856,-1.1148
-1.4012,-0.98114,-1.7971,-1.6592,0.18749,-1.8153,-1.5156,0.93858,1.747,-1.6989,-1.6594,-1.4161,-1.8699,0.85248,-1.1868
-1.2233,-1.4373,-1.9339,-1.3373,1.6436,-1.4273,-1.2535,0.86927,1.0017,-1.4025,-1.337,-1.1971,-1.4476,0.66655,-1.0825
-1.3872,-1.6972,-2.396,-1.5393,1.8977,-1.677,-1.4375,0.78272,1.286,-1.7186,-1.5391,-1.4353,-1.7239,0.95997,-1.1692
-1.1954,-1.318,-1.6291,-1.3036,1.046,-1.3253,-1.214,1.16,0.45456,-1.3216,-1.3037,-1.1622,-1.352,0.89039,-1.0687
-1.1807,-0.84894,-0.65998,-1.2936,0.72571,-1.3088,-1.2236,1.1719,0.54686,-1.3661,-1.2934,-0.92334,-1.2368,1.0695,-1.0676
-1.3345,-1.5797,-1.7249,-1.498,1.509,-1.7064,-1.4283,0.41285,2.0981,-1.6126,-1.4978,-1.3846,-1.7431,0.6071,-1.1525
-1.0598,-1.2955,-1.516,-1.0608,1.2301,-1.0864,-1.024,-0.044497,1.0503,-1.0564,-1.0604,-1.2187,-1.0147,0.59859,-0.98231
-1.3018,-1.6691,-1.9912,-1.4481,0.27398,-1.6553,-1.3674,1.0423,1.5978,-1.4094,-1.4479,-1.4975,-1.6721,0.30607,-1.1316
-1.1695,-1.2666,-1.6083,-1.3488,1.3658,-1.3663,-1.2335,1.1319,1.8137,-1.367,-1.3488,-1.2748,-1.4329,0.83613,-1.0679
-1.2949,-1.3432,-2.3307,-1.4556,1.0338,-1.4092,-1.3254,1.0627,1.1659,-1.497,-1.4553,-1.3166,-1.4006,1.5179,-1.1275
-1.2914,-1.6259,-2.1509,-1.4452,0.83587,-1.4965,-1.3491,1.3143,1.6407,-1.4832,-1.445,-1.2204,-1.4954,1.2085,-1.1251
-1.4711,-1.9207,-2.9987,-1.6826,1.7311,-1.8516,-1.5534,1.6129,1.2911,-1.8315,-1.6824,-1.5034,-1.9334,1.1114,-1.2015
-1.0602,-0.49267,-0.86133,-1.1775,0.75304,-1.1898,-1.1074,0.42044,0.97369,-1.2569,-1.1773,-0.99195,-1.1959,0.71695,-1.0132
-1.087,-1.5776,-1.4635,-1.1304,1.5557,-1.0998,-1.0965,2.1126,1.2229,-1.1441,-1.1306,-1.0916,-1.0358,1.0613,-0.98616
-1.1282,-1.3867,-1.7218,-1.2324,1.2417,-1.1655,-1.1678,1.3308,0.77695,-1.3133,-1.2332,-0.94861,-1.1247,1.3331,-1.0203
-1.1618,-1.4861,-1.7105,-1.2232,0.87799,-1.1623,-1.1671,1.179,0.81369,-1.2778,-1.2229,-1.0738,-1.18,1.343,-1.0512
-1.4202,-2.1055,-2.5594,-1.6512,0.76953,-1.7683,-1.5306,2.3116,1.3372,-1.7121,-1.6512,-1.38,-1.7742,1.5674,-1.1827
-1.2202,-1.2553,-1.9711,-1.3239,0.88547,-1.338,-1.2397,1.0647,0.91884,-1.3007,-1.3239,-1.0601,-1.328,1.055,-1.0882
-1.1784,-1.3057,-1.705,-1.3493,2.0544,-1.2829,-1.2363,2.0573,1.7436,-1.3796,-1.349,-1.0319,-1.3008,1.3374,-1.0532
-1.3589,-1.2971,-1.5127,-1.511,0.78185,-1.5885,-1.4154,1.1763,1.5922,-1.6316,-1.511,-1.0434,-1.6336,1.3658,-1.1587
-1.4213,-1.8768,-2.3059,-1.6164,1.7494,-1.7949,-1.501,1.3193,1.4721,-1.7286,-1.6164,-1.3705,-1.8301,0.82453,-1.1802
-1.3321,-1.2756,-1.9678,-1.5329,0.45401,-1.7274,-1.4168,1.141,1.8764,-1.5144,-1.5332,-1.5119,-1.7827,0.30606,-1.157
-1.3164,-1.3702,-2.1485,-1.5127,1.5435,-1.6676,-1.4001,1.5185,1.7362,-1.5349,-1.5132,-1.1741,-1.7346,0.57179,-1.1359
-1.2556,-1.9478,-2.3363,-1.4274,1.7924,-1.5335,-1.3338,1.0446,1.9921,-1.4554,-1.4274,-1.0843,-1.6255,0.78966,-1.1027
-1.3416,-1.5868,-2.1315,-1.5026,0.76617,-1.5646,-1.3773,0.78793,0.56334,-1.5047,-1.5024,-1.1514,-1.6286,1.062,-1.1531
-1.3588,-2.2662,-3.063,-1.6087,1.7158,-1.8101,-1.4748,0.91949,1.9472,-1.6179,-1.6085,-1.4514,-1.8873,0.32366,-1.1525
-1.3399,-1.4237,-1.2105,-1.5918,1.2918,-1.6624,-1.4429,1.0449,1.6501,-1.6327,-1.5916,-1.3405,-1.7194,1.1518,-1.1563
-1.1965,-0.78581,-1.4924,-1.429,1.3044,-1.4524,-1.3004,1.314,1.7274,-1.4072,-1.4289,-1.3798,-1.5226,0.96754,-1.0884
-1.3364,-1.5839,-1.5916,-1.5202,0.87168,-1.667,-1.412,1.3142,1.4715,-1.5455,-1.52,-0.89002,-1.7125,0.71682,-1.1381
-1.2973,-1.3004,-2.1714,-1.5264,1.7847,-1.5932,-1.3815,1.047,1.2283,-1.4934,-1.5262,-1.2497,-1.689,0.90573,-1.1263
-1.3805,-1.742,-2.2898,-1.5307,1.0407,-1.6925,-1.4166,1.5889,1.5974,-1.5919,-1.5311,-1.2047,-1.7531,0.575,-1.1678
-1.3084,-1.5737,-1.5724,-1.5198,1.3852,-1.581,-1.3913,1.0541,0.82471,-1.528,-1.5206,-1.0019,-1.5993,1.1123,-1.1359
-1.3205,-1.9414,-2.3274,-1.5122,1.5999,-1.6051,-1.4021,1.4349,0.84999,-1.5456,-1.5121,-1.1186,-1.691,1.0675,-1.1266
-1.2064,-1.1733,-1.652,-1.3504,1.3003,-1.4157,-1.2665,0.75405,-0.021114,-1.2633,-1.3503,-0.99598,-1.4547,0.85552,-1.0779
-1.3146,-1.0335,-1.1471,-1.4991,0.33959,-1.6568,-1.41,1.1666,0.86359,-1.4429,-1.499,-1.2117,-1.7051,0.77025,-1.1353
-1.3219,-1.4435,-1.8029,-1.5107,1.3304,-1.5865,-1.3948,1.7939,0.67398,-1.4521,-1.511,-1.144,-1.6276,1.1144,-1.1416
-1.1167,-1.4673,-2.0288,-1.1848,1.5106,-1.3277,-1.1353,1.1615,1.3185,-1.085,-1.1847,-0.88122,-1.3641,0.24889,-1.0197
-1.438,-1.8256,-2.1173,-1.6988,0.4003,-1.8741,-1.5511,1.2421,1.8825,-1.7099,-1.6987,-1.3763,-1.939,0.83253,-1.1889
-1.3172,-1.2318,-1.6407,-1.5143,1.1842,-1.6639,-1.4051,0.53828,1.2316,-1.542,-1.5141,-1.3457,-1.7396,0.65903,-1.1434
-1.1745,-1.1547,-1.204,-1.3737,0.99273,-1.3504,-1.2492,1.8274,0.9456,-1.4058,-1.3735,-0.96156,-1.3122,1.0746,-1.0663
-1.238,-1.4244,-2.2196,-1.274,0.721,-1.4396,-1.228,0.5566,1.282,-1.2532,-1.2738,-1.2476,-1.4585,0.37365,-1.0942
-1.3127,-1.8474,-2.7407,-1.4855,1.5915,-1.6089,-1.3897,1.4275,1.3508,-1.4525,-1.4853,-1.4177,-1.6895,0.88741,-1.1293
-1.2545,-0.87444,-1.0377,-1.4157,0.7276,-1.4682,-1.3306,1.0342,0.57285,-1.5055,-1.4157,-0.97397,-1.4325,1.1894,-1.1067
-1.0481,-1.1816,-1.3601,-1.1296,1.3582,-1.0218,-1.072,1.8609,0.56695,-1.0851,-1.1295,-0.97113,-0.89223,1.2333,-0.95553
-1.4579,-2.6248,-3.1456,-1.6965,2.0822,-1.9061,-1.5672,1.0267,1.6639,-1.8276,-1.6968,-1.5482,-2.0032,0.76201,-1.1983
-1.2397,-1.3727,-2.0035,-1.3843,1.6368,-1.4249,-1.3186,0.9575,2.0121,-1.4174,-1.3845,-1.1297,-1.4654,1.3382,-1.0908
-1.3297,-2.0238,-2.7035,-1.5307,1.4933,-1.7449,-1.4251,1.0351,1.8099,-1.4801,-1.5309,-1.2356,-1.8198,0.26344,-1.1395
-1.1543,-1.8176,-2.4671,-1.3079,1.6278,-1.34,-1.2229,1.6457,1.4047,-1.1589,-1.3085,-1.1285,-1.4214,0.88899,-1.033
-1.3898,-1.8287,-2.31,-1.5506,1.2022,-1.6976,-1.4306,0.59338,0.97469,-1.688,-1.5508,-1.3483,-1.7636,0.70464,-1.1747
-1.3622,-1.3348,-1.6299,-1.6105,0.72016,-1.7292,-1.4736,0.27868,1.3682,-1.6633,-1.6103,-1.4746,-1.7798,1.0177,-1.1675
-0.72134,-0.52629,-1.0748,-0.6994,0.86783,-0.70171,-0.73018,0.91662,0.74398,-0.96879,-0.69956,-0.94279,-0.6214,0.38013,-0.77986
-1.3514,-1.6792,-1.5547,-1.5994,0.7055,-1.6847,-1.461,1.5493,1.8163,-1.5834,-1.5994,-0.99259,-1.7155,1.2192,-1.155
-1.4418,-1.6431,-3.0624,-1.6469,0.68652,-1.8656,-1.5355,1.2357,1.8303,-1.6966,-1.6467,-1.4594,-1.9296,0.66463,-1.195
-1.3863,-2.2042,-3.1277,-1.6483,1.4771,-1.8234,-1.5253,0.5188,1.9014,-1.6274,-1.6485,-1.4245,-1.9278,0.92648,-1.1689
-1.4139,-1.8379,-2.2323,-1.6277,1.9072,-1.7839,-1.496,1.4588,1.9131,-1.7324,-1.6277,-1.3634,-1.829,0.85217,-1.177
-1.4728,-2.7085,-3.2646,-1.7382,1.3487,-1.9341,-1.5863,1.0672,2.0699,-1.8723,-1.7381,-1.4731,-2.0066,0.78716,-1.2044
-1.4553,-2.3011,-3.0135,-1.6877,1.4563,-1.9469,-1.5615,0.62563,1.9871,-1.8004,-1.6876,-1.4355,-2.0404,0.21673,-1.1971
-1.2318,-1.3127,-1.9785,-1.4357,0.77072,-1.4844,-1.3141,1.6622,1.5217,-1.4046,-1.4359,-1.3802,-1.4696,0.90506,-1.1039
-0.9754,-0.8349,-0.73174,-1.0216,1.7824,-1.253,-0.98804,-0.65045,0.74209,-1.2475,-1.0218,-0.88461,-1.2774,-0.3286,-0.95158
-1.0276,-1.5222,-2.0641,-1.1068,0.34175,-1.0384,-1.0828,1.0132,0.93176,-0.74651,-1.1096,-0.88082,-1.0468,1.2418,-0.95438
-1.0683,-1.3501,-1.8237,-1.1551,1.3418,-1.1021,-1.0861,1.677,1.1101,-1.1143,-1.155,-1.1083,-1.1453,0.9708,-0.98832
-1.373,-1.5693,-1.9176,-1.552,0.83103,-1.8275,-1.4465,0.22074,1.7782,-1.6551,-1.5519,-1.4482,-1.9021,-0.1616,-1.1653
-1.3414,-2.0628,-1.4599,-1.5226,1.3202,-1.6888,-1.4248,1.564,1.7524,-1.5676,-1.5224,-1.2712,-1.7624,0.70338,-1.1511
-1.4289,-1.6204,-2.0542,-1.6667,0.64308,-1.8102,-1.5388,1.3619,2.2185,-1.7052,-1.6671,-1.4172,-1.9019,1.2861,-1.1893
-1.3872,-1.5835,-1.8702,-1.6452,0.31348,-1.8045,-1.5048,0.84422,1.7572,-1.5922,-1.6451,-1.2291,-1.8727,0.79211,-1.1674
-1.3431,-1.8687,-2.413,-1.493,0.95242,-1.6391,-1.4013,1.6342,1.6431,-1.4702,-1.4928,-1.1313,-1.7038,0.80058,-1.144
-1.2429,-1.5281,-1.985,-1.3815,1.443,-1.3835,-1.2846,1.2442,0.8669,-1.3476,-1.382,-1.0701,-1.4306,1.2317,-1.0978
-1.3173,-1.3332,-1.749,-1.5256,1.3571,-1.6815,-1.3983,0.2806,1.8329,-1.6148,-1.5256,-1.4731,-1.7607,0.4472,-1.1493
-1.4105,-1.5654,-2.5743,-1.5822,1.2567,-1.804,-1.4655,1.1934,1.3232,-1.7162,-1.5823,-1.5243,-1.8416,0.25845,-1.1834
-1.3434,-1.0053,-1.6464,-1.5133,0.66404,-1.6609,-1.3936,0.42532,1.0334,-1.6747,-1.5132,-1.4078,-1.6977,0.54877,-1.1653
-1.1123,-2.0422,-2.2679,-1.0058,2.0698,-1.3895,-1.0249,0.013474,1.3849,-1.1304,-1.0056,-0.92873,-1.4526,-0.71501,-1.0117
-1.2587,-1.3963,-2.3892,-1.4037,1.1966,-1.5012,-1.305,0.79031,1.2334,-1.395,-1.4034,-1.3386,-1.566,0.70494,-1.1031
-1.4162,-2.4786,-3.0327,-1.6422,1.8726,-1.8523,-1.5178,1.3074,1.4463,-1.7135,-1.6424,-1.4203,-1.9504,0.52605,-1.1796
-1.3012,-1.3379,-1.7526,-1.4373,1.1704,-1.5248,-1.3282,0.87167,0.89384,-1.4678,-1.4371,-1.0884,-1.5799,0.78863,-1.1307
-1.1794,-1.7288,-1.6869,-1.32,1.8631,-1.3582,-1.2392,1.3923,1.8359,-1.3552,-1.32,-1.2394,-1.3895,0.93467,-1.0637
-1.4724,-2.1242,-3.1227,-1.7333,1.628,-1.9444,-1.5864,0.84039,1.9825,-1.8312,-1.7332,-1.5611,-2.0324,0.66904,-1.2071
-1.444,-1.8228,-2.6097,-1.6583,0.83844,-1.8406,-1.5173,0.94606,1.4543,-1.7202,-1.6582,-1.6055,-1.8873,0.633,-1.1916
-1.2524,-1.4411,-2.1019,-1.4002,0.63896,-1.5121,-1.312,0.92076,1.1693,-1.3196,-1.4,-1.3886,-1.571,0.70541,-1.1112
-1.1378,-0.86957,-1.0196,-1.2512,1.5141,-1.3934,-1.1584,-0.12397,1.1859,-1.2613,-1.2509,-1.0635,-1.5247,0.083875,-1.0563
-1.2533,-1.566,-1.6548,-1.4289,1.0673,-1.5158,-1.3236,0.93396,1.6886,-1.371,-1.4296,-1.0423,-1.5612,0.79971,-1.1086
-1.2237,-1.9127,-2.5754,-1.3372,1.628,-1.5477,-1.2839,1.1536,1.6271,-1.2846,-1.3369,-1.3546,-1.6347,0.21747,-1.0858
-1.4065,-1.7225,-2.3895,-1.6174,0.82219,-1.7339,-1.4727,0.75076,1.3488,-1.6794,-1.6171,-1.4653,-1.7776,0.96307,-1.1777
-1.1801,-1.2977,-1.5451,-1.2655,1.6652,-1.3128,-1.1749,1.0043,1.2101,-1.2817,-1.2654,-0.82675,-1.366,0.62674,-1.054
-1.3465,-1.2259,-2.4567,-1.5782,0.40381,-1.7756,-1.4402,1.0696,1.7395,-1.6311,-1.5781,-1.3968,-1.827,0.19292,-1.1628
-1.3765,-1.492,-2.3165,-1.5832,0.96042,-1.6102,-1.4485,1.2323,1.0343,-1.6372,-1.583,-1.2922,-1.6543,1.6611,-1.1693
-1.1419,-1.377,-2.3582,-1.2289,2.7961,-1.2866,-1.1761,1.2126,1.0998,-1.2836,-1.2286,-1.093,-1.3105,0.77358,-1.029
-1.4691,-1.5286,-1.9721,-1.71,1.2259,-1.8395,-1.5691,0.86235,0.79487,-1.8525,-1.7099,-1.4896,-1.9165,1.5388,-1.2048
-1.3983,-1.9468,-1.8159,-1.6178,1.117,-1.7841,-1.4928,0.47377,1.3893,-1.6935,-1.6178,-1.3564,-1.8638,0.80269,-1.1755
-1.2689,-1.6403,-2.5211,-1.322,1.0801,-1.4332,-1.2606,1.1169,0.78791,-1.3676,-1.3224,-1.2007,-1.5286,0.69642,-1.1136
-1.2529,-1.8589,-1.3644,-1.4253,1.4259,-1.3758,-1.3272,2.7757,1.6413,-1.5073,-1.4251,-1.1685,-1.3869,1.7592,-1.0979
-1.2479,-0.76791,-0.95253,-1.4332,0.95635,-1.4535,-1.3121,1.2267,0.8161,-1.5121,-1.433,-0.82266,-1.3788,1.0828,-1.1069
-1.3186,-1.2459,-1.8698,-1.4831,1.7461,-1.6586,-1.3594,1.166,1.2375,-1.6102,-1.4829,-1.2013,-1.7512,0.20175,-1.1428
-1.4024,-1.5083,-2.2205,-1.6242,1.0714,-1.7611,-1.4993,0.85641,1.404,-1.7329,-1.624,-1.4115,-1.8518,1.1148,-1.1759
-1.2781,-2.0344,-1.2947,-1.517,0.71369,-1.5547,-1.406,1.4136,1.484,-1.5023,-1.5168,-1.1717,-1.4514,1.4986,-1.111
-1.3174,-1.7232,-2.3634,-1.5401,0.72758,-1.6477,-1.4224,0.77528,1.538,-1.483,-1.5399,-1.2054,-1.7182,0.99607,-1.1379
-1.4606,-2.5585,-3.1362,-1.6984,0.94396,-1.9769,-1.5733,0.85464,2.0367,-1.78,-1.6982,-1.4446,-2.0651,0.071083,-1.1974
-1.3485,-1.525,-1.6634,-1.4577,0.93347,-1.6204,-1.3706,0.61014,0.93317,-1.514,-1.4575,-1.2146,-1.638,0.58702,-1.1528
-1.2418,-1.6419,-2.4634,-1.3643,2.0871,-1.4827,-1.2849,0.66486,1.2538,-1.453,-1.364,-1.161,-1.5317,0.62549,-1.0955
-1.3307,-1.6396,-1.914,-1.5474,0.50339,-1.5921,-1.4342,1.9239,1.4994,-1.5465,-1.5475,-1.1658,-1.6674,1.5998,-1.1468
-1.1051,-1.3402,-1.4046,-1.1878,2.0288,-1.2598,-1.1349,1.4261,1.4455,-1.1134,-1.1904,-1.1087,-1.3542,0.58302,-1.0161
-0.98397,-1.5396,-1.9238,-1.0685,1.0531,-0.83002,-1.0312,2.2242,1.7188,-0.93385,-1.0688,-0.96655,-0.72276,1.7699,-0.90029
-0.79665,-0.56378,-0.93896,-0.9175,0.44424,-0.73241,-0.84518,1.7582,0.64114,-0.89075,-0.91717,-0.80915,-0.69982,0.88524,-0.83645
-1.0046,-1.1266,-1.2181,-1.0714,1.2306,-0.91345,-1.0277,0.9131,0.57249,-1.1571,-1.0715,-0.56013,-0.84353,1.3779,-0.9478
-1.0776,-1.344,-1.7679,-1.222,1.0134,-1.1671,-1.1664,2.0232,1.822,-1.1306,-1.2223,-1.0539,-1.1358,1.3126,-0.99203
-1.2946,-1.5428,-1.3809,-1.4538,0.74836,-1.4851,-1.338,1.1425,1.2235,-1.5071,-1.4536,-1.0011,-1.4791,1.1594,-1.1296
-1.3596,-1.5892,-2.5936,-1.5548,1.4637,-1.6616,-1.433,1.2588,1.8988,-1.5665,-1.5547,-1.5777,-1.7347,1.0239,-1.154
-1.2043,-1.2562,-1.2776,-1.3214,1.5412,-1.3399,-1.2518,0.82472,0.92222,-1.3938,-1.3212,-0.89487,-1.4232,1.1609,-1.0808
-1.2977,-1.5954,-1.9598,-1.4189,2.0441,-1.6124,-1.3402,0.44495,1.0005,-1.4597,-1.4187,-1.3624,-1.6906,0.32686,-1.1225
-1.2851,-1.7803,-2.4315,-1.482,1.8763,-1.5752,-1.3782,1.8635,1.2706,-1.4489,-1.482,-1.0199,-1.661,0.99702,-1.1214
-1.4299,-2.5368,-3.0048,-1.6841,1.3906,-1.81,-1.5531,1.9822,2.1239,-1.7483,-1.6839,-1.387,-1.8714,1.5509,-1.1846
-1.4689,-2.4774,-3.1793,-1.7378,0.48533,-1.9518,-1.5929,0.82276,2.0601,-1.7447,-1.7378,-1.3674,-2.0279,0.70026,-1.1978
-1.1844,-1.3873,-1.832,-1.2949,1.1683,-1.3932,-1.239,1.2279,1.4095,-1.2368,-1.2953,-1.0913,-1.4791,0.73275,-1.0637
-1.1712,-1.5322,-2.2948,-1.311,1.5976,-1.3215,-1.237,1.3194,1.5438,-1.3028,-1.311,-1.0045,-1.334,1.1235,-1.0533
-1.1496,-1.7197,-2.2354,-1.2716,2.094,-1.2513,-1.1976,1.4805,1.8182,-1.1981,-1.2714,-0.86405,-1.3539,1.1471,-1.0418
-1.3542,-1.6934,-2.2273,-1.5505,0.88448,-1.6531,-1.4385,2.0837,1.3467,-1.6474,-1.5504,-1.184,-1.6889,1.1663,-1.1567
-1.3904,-1.5993,-2.0004,-1.6136,0.72728,-1.7537,-1.5043,1.2542,1.4006,-1.6424,-1.6135,-1.1553,-1.8021,1.261,-1.1703
-1.3081,-1.9615,-1.7463,-1.5341,1.5805,-1.556,-1.4066,1.9801,1.5333,-1.6198,-1.5339,-1.1867,-1.5667,1.4966,-1.1292
-1.4213,-2.6427,-3.3718,-1.7271,0.61771,-1.8501,-1.5741,1.4987,2.4479,-1.6857,-1.7269,-1.4686,-1.9101,1.5188,-1.1808
-1.2156,-1.5037,-2.1652,-1.2992,1.4067,-1.4674,-1.2376,0.87811,1.2455,-1.2584,-1.299,-0.92177,-1.5046,0.29581,-1.0724
-1.095,-0.90285,-0.93102,-1.2257,0.66052,-1.1637,-1.1433,0.35107,0.15541,-1.171,-1.2254,-0.99935,-1.1507,1.13,-1.0184
-1.1677,-1.3234,-1.6117,-1.2641,1.0449,-1.2955,-1.2215,0.8153,0.52882,-1.1735,-1.2647,-0.907,-1.3418,1.1244,-1.0439
-1.4774,-1.8245,-2.6343,-1.701,1.1756,-1.8852,-1.5714,1.2196,1.6662,-1.8364,-1.7008,-1.515,-1.9437,1.072,-1.2077
-1.0862,-0.96011,-1.5413,-1.1477,2.2847,-1.4479,-1.0891,0.29118,0.649,-1.168,-1.1486,-1.047,-1.5447,-0.628,-1.0143
-1.307,-1.0883,-1.46,-1.4981,1.348,-1.655,-1.3534,1.2621,1.937,-1.6037,-1.4979,-1.4453,-1.7075,0.16681,-1.1415
-1.231,-1.3416,-1.1899,-1.3424,1.5068,-1.4653,-1.2529,0.71537,1.1349,-1.4588,-1.3424,-1.2078,-1.4885,0.43897,-1.0979
-1.3496,-1.2993,-1.9886,-1.5995,1.2764,-1.6621,-1.4651,1.5791,1.6675,-1.6304,-1.5998,-1.535,-1.7294,1.4737,-1.1593
-1.0254,-1.0362,-0.861,-1.0878,1.026,-1.2238,-1.0726,0.57824,0.0071049,-1.0925,-1.0876,-0.67663,-1.2285,0.30995,-0.9758
-1.4484,-1.7705,-2.2307,-1.6754,1.2464,-1.8218,-1.5363,2.0853,1.332,-1.7883,-1.6752,-1.3953,-1.8872,1.1243,-1.1927
-1.222,-1.77,-2.188,-1.3931,1.9761,-1.4304,-1.302,1.7336,1.8432,-1.4491,-1.3931,-0.89735,-1.4684,1.1229,-1.0775
-1.0831,-1.5368,-1.6927,-1.1274,1.4914,-1.1759,-1.099,0.96599,0.62278,-1.1609,-1.1278,-0.70014,-1.2207,0.72017,-0.99791
-1.2004,-1.7471,-0.86649,-1.286,1.3998,-1.3742,-1.2379,0.81022,1.9748,-1.2846,-1.2858,-1.1833,-1.4051,0.83143,-1.0691
-1.4682,-2.1524,-3.1896,-1.7636,1.6094,-2.0014,-1.6018,1.0363,1.4784,-1.8652,-1.7635,-1.4548,-2.0917,0.26011,-1.2038
-1.2016,-1.3282,-1.3665,-1.3242,1.1025,-1.3366,-1.2661,1.2196,1.0586,-1.4246,-1.324,-0.9309,-1.3855,1.3241,-1.0761
-1.1738,-1.4212,-1.6506,-1.1943,1.2273,-1.2303,-1.1436,1.2544,0.95572,-1.3024,-1.1942,-0.82888,-1.2065,0.79806,-1.0543
-1.2426,-1.3413,-1.5352,-1.3164,0.45153,-1.4243,-1.2282,0.77517,0.30134,-1.252,-1.3165,-1.3819,-1.4427,0.46186,-1.1043
-1.4731,-2.5399,-3.2375,-1.7091,1.3035,-1.8984,-1.5819,1.4601,1.8435,-1.781,-1.7089,-1.3968,-1.9741,1.1209,-1.203
-1.2446,-1.9139,-0.80602,-1.4386,0.87226,-1.4756,-1.3389,1.236,1.0789,-1.3307,-1.4386,-1.1244,-1.5285,1.2334,-1.0978
-1.4191,-1.9849,-2.9979,-1.6751,1.3436,-1.9059,-1.5327,0.83702,2.0103,-1.6476,-1.675,-1.4165,-1.9832,0.21303,-1.1812
-1.4183,-1.9492,-2.1599,-1.6442,1.4631,-1.8082,-1.5157,1.5636,1.5973,-1.8112,-1.6441,-1.4226,-1.8699,0.92384,-1.1847
-1.1255,-0.62797,-0.69829,-1.3428,0.83293,-1.1062,-1.2132,1.2214,1.2009,-1.2633,-1.3425,-0.72157,-1.114,2.0922,-1.0389
-1.2727,-1.7702,-1.5778,-1.452,1.6794,-1.566,-1.3509,0.90465,1.8406,-1.4772,-1.4518,-1.3315,-1.5813,0.75272,-1.1174
-1.1254,-0.37185,-0.64825,-1.2561,1.0389,-1.2666,-1.1823,0.8374,1.1482,-1.2821,-1.2561,-0.7953,-1.3415,0.93082,-1.058
-1.4298,-2.6268,-3.0794,-1.6995,0.9429,-1.8554,-1.5556,1.4934,2.0006,-1.7027,-1.6995,-1.2264,-1.9196,1.1098,-1.1859
-1.46,-2.0127,-2.3689,-1.7194,1.5105,-1.8816,-1.5765,1.3874,1.3427,-1.8364,-1.7193,-1.4812,-1.9497,1.2083,-1.2018
-0.89091,-0.44865,-1.0268,-0.89556,0.14213,-0.90049,-0.92686,1.2304,1.0751,-0.98376,-0.89529,-1.1306,-0.86762,0.74195,-0.89317
-1.0549,-0.95209,-0.9007,-1.1111,1.1278,-1.1959,-1.0783,0.73425,1.1148,-1.1401,-1.1108,-0.8274,-1.1995,0.47718,-0.99349
-1.1659,-1.5882,-2.2018,-1.2128,1.3449,-1.2581,-1.164,1.2073,1.4743,-1.1993,-1.2127,-1.1929,-1.2884,0.82133,-1.0561
-1.2734,-1.4254,-2.0444,-1.4816,1.4081,-1.5865,-1.3679,1.4926,1.5802,-1.474,-1.4814,-1.1473,-1.6633,0.79765,-1.118
-1.3934,-1.7797,-2.2618,-1.6658,2.007,-1.7869,-1.5152,1.7901,1.7387,-1.7543,-1.6656,-1.3961,-1.8737,1.122,-1.1752
-1.1928,-1.5193,-1.9736,-1.2889,0.36169,-1.3411,-1.2213,1.0742,1.4893,-1.1912,-1.2886,-1.0224,-1.3201,0.86822,-1.0676
-1.2573,-1.4891,-2.1861,-1.4454,1.0226,-1.4247,-1.351,1.4906,0.72417,-1.4097,-1.4454,-1.3143,-1.4364,1.7243,-1.1057
-1.3648,-1.7285,-3.0524,-1.5251,0.95031,-1.7437,-1.4217,0.8132,1.673,-1.5258,-1.5249,-1.3498,-1.8418,0.23409,-1.1587
-1.4052,-1.5519,-1.9926,-1.6479,0.84058,-1.7706,-1.5093,1.173,1.9083,-1.6784,-1.6477,-1.4504,-1.8201,1.1823,-1.1794
-0.94995,-0.67018,-0.77089,-1.0187,0.077522,-1.0444,-0.96885,0.1615,0.38752,-0.72304,-1.0192,-1.0359,-1.0847,0.42329,-0.92803
-1.2541,-1.2073,-1.016,-1.4272,0.51826,-1.5341,-1.3464,0.55078,2.1716,-1.4202,-1.427,-1.1481,-1.5877,0.9223,-1.1089
-1.3736,-1.602,-1.869,-1.6277,0.37295,-1.6928,-1.4898,1.3611,1.4851,-1.6387,-1.6276,-1.2109,-1.7551,1.5913,-1.1627
-1.2303,-1.4864,-1.7843,-1.3526,1.3984,-1.4111,-1.2712,1.3595,0.98673,-1.3216,-1.3525,-0.94478,-1.4834,0.92866,-1.0857
-1.4346,-0.51247,-0.91962,-1.5732,0.56551,-1.9223,-1.4522,-0.18368,0.39577,-1.6644,-1.5733,-1.0112,-1.9556,-0.89027,-1.2001
-1.4032,-1.6197,-2.5343,-1.5905,1.5853,-1.7682,-1.4635,0.94222,1.6297,-1.6916,-1.5909,-1.5722,-1.832,0.54085,-1.1802
-1.0297,-1.2309,-1.6272,-1.1835,1.0959,-1.0159,-1.112,1.7941,0.90897,-1.1539,-1.1832,-1.0278,-0.89017,1.5894,-0.95412
-1.096,-0.11352,-0.21834,-1.2212,-0.17457,-1.2988,-1.0989,-0.33758,-0.12596,-1.0261,-1.2209,-0.81556,-1.3583,0.1359,-1.0586
-1.2884,-2.0247,-2.4065,-1.463,1.4971,-1.5717,-1.368,1.6646,0.85847,-1.498,-1.4631,-1.1628,-1.6207,0.90371,-1.1172
-1.449,-2.547,-3.3875,-1.6987,1.2655,-1.9539,-1.5693,0.84923,1.8137,-1.8502,-1.6993,-1.4934,-2.0347,0.26459,-1.1953
-0.9477,-1.2612,-1.576,-1.0294,1.3111,-0.86949,-1.0076,1.5083,1.5678,-0.97109,-1.0293,-0.77777,-0.81564,1.4163,-0.88368
-1.3014,-0.65034,-0.81609,-1.5513,0.044641,-1.5602,-1.4017,1.6365,0.77933,-1.5677,-1.5511,-1.08,-1.5619,1.3998,-1.1391
-1.2582,-2.0113,-3.0111,-1.406,2.136,-1.5662,-1.3143,0.85452,1.1618,-1.3949,-1.4058,-1.3396,-1.6545,0.37982,-1.1008
-1.2314,-1.4805,-1.714,-1.3866,1.1139,-1.527,-1.2952,0.77668,1.5094,-1.3938,-1.3872,-1.1872,-1.5841,0.44829,-1.0959
-1.0751,-0.9352,-0.92129,-1.2108,0.61307,-1.2399,-1.1248,1.1307,1.2126,-1.0988,-1.211,-0.82185,-1.2128,0.60446,-1.0144
-0.95834,-1.3692,-1.47,-1.0852,0.96333,-0.81808,-1.0002,2.2727,1.2217,-0.9494,-1.0849,-0.75612,-0.7114,1.5796,-0.89671
-1.2989,-1.0415,-1.3553,-1.5724,1.0876,-1.6673,-1.4335,1.4513,1.1152,-1.6373,-1.5721,-1.2587,-1.7054,0.98519,-1.1358
-1.3609,-1.5375,-2.5262,-1.5056,1.1472,-1.6731,-1.4163,1.202,1.3526,-1.6157,-1.5057,-1.4873,-1.7108,0.7223,-1.16
-1.286,-1.5742,-2.0795,-1.5044,0.61986,-1.6237,-1.3933,1.1502,2.0866,-1.5237,-1.5048,-1.217,-1.6564,0.82041,-1.123
-0.9791,-1.5255,-1.8239,-0.96576,0.29569,-0.85632,-0.93818,1.2201,0.80634,-0.70754,-0.96567,-0.59313,-0.79794,0.98769,-0.91251
-1.2858,-1.316,-1.6293,-1.4602,0.89811,-1.5147,-1.3627,0.8266,1.1122,-1.3162,-1.46,-0.95462,-1.585,1.2428,-1.1156
-1.3426,-1.8089,-1.5523,-1.5397,0.68692,-1.6997,-1.439,0.47313,1.4663,-1.5573,-1.5395,-0.92742,-1.7582,0.79495,-1.1417
-1.3962,-1.4351,-2.3077,-1.6706,0.58955,-1.8425,-1.5213,0.54719,2.3727,-1.7231,-1.6707,-1.3954,-1.9003,0.67558,-1.1817
-1.3453,-1.3715,-1.969,-1.4691,1.1277,-1.6312,-1.3556,1.2972,0.54066,-1.6031,-1.4691,-1.342,-1.657,0.35284,-1.1528
-1.3545,-1.2926,-1.3027,-1.5408,0.99973,-1.6911,-1.4479,1.1677,1.1042,-1.6838,-1.5407,-1.0833,-1.7429,0.98259,-1.1569
-1.3472,-1.5476,-2.366,-1.515,1.1602,-1.5794,-1.4009,2.0336,1.4555,-1.4792,-1.5149,-1.3316,-1.6506,1.2458,-1.1553
-1.4497,-1.7281,-2.4153,-1.6504,1.0601,-1.844,-1.5145,0.8003,1.4711,-1.7539,-1.6502,-1.5996,-1.9096,0.55744,-1.1983
-1.2905,-1.5543,-1.4445,-1.4979,0.23128,-1.5172,-1.3943,2.276,1.1848,-1.4219,-1.4976,-1.1267,-1.5524,1.6234,-1.1188
-1.2472,-1.1114,-2.0082,-1.4292,1.1496,-1.5212,-1.3183,0.26858,1.8248,-1.4473,-1.4301,-1.4275,-1.6136,0.71081,-1.1167
-1.3089,-1.6334,-2.2592,-1.4636,1.3743,-1.6391,-1.3575,1.1034,1.3884,-1.4517,-1.4634,-1.4176,-1.6954,0.31834,-1.1336
-1.294,-1.9073,-2.5375,-1.4417,1.3753,-1.5962,-1.3692,1.4191,2.0671,-1.4247,-1.4415,-1.2513,-1.6622,0.74421,-1.1215
-1.1739,-1.8942,-2.1818,-1.2857,2.2172,-1.3686,-1.2099,1.2238,1.0817,-1.3271,-1.2857,-1.0206,-1.4289,0.61698,-1.0578
-1.113,-0.78851,-1.091,-1.1632,0.78351,-1.1286,-1.1473,1.3218,1.1122,-1.2449,-1.1634,-0.93372,-1.0113,1.3409,-0.99148
-1.3079,-2.0445,-2.2382,-1.4727,1.3337,-1.6378,-1.3708,1.2138,1.2506,-1.5558,-1.4726,-1.1594,-1.7053,0.46525,-1.1188
-1.3651,-1.8385,-2.1227,-1.54,1.5332,-1.638,-1.4236,1.0394,0.72753,-1.6476,-1.5399,-1.1899,-1.6839,1.0881,-1.1593
-1.0376,-1.1016,-0.56918,-1.1802,2.213,-1.1801,-1.0937,0.85738,1.0724,-1.195,-1.1799,-0.87673,-1.241,0.66121,-0.97536
-1.4162,-1.558,-2.4797,-1.6515,0.65599,-1.777,-1.5053,1.3152,1.1189,-1.6783,-1.6513,-1.4899,-1.8341,1.0583,-1.1849
-1.4155,-1.9927,-2.7588,-1.6431,1.7602,-1.7991,-1.4979,1.3639,1.5,-1.7447,-1.6429,-1.2617,-1.8979,0.73964,-1.1787
-1.1903,-1.3455,-1.3614,-1.3161,1.2346,-1.4633,-1.2521,1.5722,1.6371,-1.3426,-1.3159,-1.263,-1.4884,0.44275,-1.0707
-1.1985,-1.6399,-2.0835,-1.3361,1.7003,-1.4021,-1.2744,1.6513,0.63406,-1.2845,-1.3363,-1.2126,-1.4354,1.0148,-1.0593
-1.4388,-1.7385,-2.5902,-1.6369,1.4068,-1.8102,-1.5031,1.5651,1.9989,-1.7935,-1.6369,-1.5178,-1.8636,0.71282,-1.1935
-1.1965,-1.5968,-1.8056,-1.3666,0.93776,-1.2747,-1.2833,1.3746,1.2203,-1.215,-1.3664,-1.2437,-1.2791,1.8846,-1.0666
-1.2677,-1.2253,-1.936,-1.3719,2.0594,-1.5489,-1.2972,1.0453,0.66506,-1.4874,-1.3717,-1.166,-1.6136,0.33022,-1.1148
-1.2057,-1.507,-1.8266,-1.345,1.3098,-1.3881,-1.2393,1.0161,1.2498,-1.2943,-1.3456,-0.8692,-1.4599,0.7651,-1.0757
-1.3844,-1.6693,-2.133,-1.6208,1.4759,-1.7051,-1.4789,1.414,1.574,-1.6975,-1.6206,-1.309,-1.7284,1.3082,-1.1711
-1.22,-1.5486,-1.9819,-1.3304,1.0282,-1.5161,-1.2648,0.87964,1.669,-1.2852,-1.3302,-1.2356,-1.6168,0.24225,-1.091
-1.2763,-1.2196,-1.3902,-1.5074,0.90875,-1.6964,-1.3798,0.29509,1.34,-1.5275,-1.5071,-1.3459,-1.7322,0.13969,-1.1314
-1.112,-1.4658,-1.9366,-1.222,1.3046,-1.249,-1.1181,1.3926,1.3923,-1.1421,-1.2218,-1.0391,-1.2388,0.51026,-1.0188
-1.3119,-1.5231,-2.4091,-1.4473,1.4148,-1.5925,-1.3555,1.0799,1.541,-1.5845,-1.447,-1.3244,-1.6389,0.62032,-1.1365
-1.2483,-0.52468,-1.4931,-1.37,0.73999,-1.6336,-1.2861,0.62901,1.8898,-1.4487,-1.3698,-1.1634,-1.6808,-0.29152,-1.1163
-1.3748,-1.4119,-1.3936,-1.5376,0.55551,-1.6886,-1.4646,0.88864,1.5577,-1.6706,-1.5377,-1.2683,-1.7226,1.2384,-1.1601
-1.1791,-2.0454,-1.2195,-1.3887,2.0315,-1.3673,-1.2812,1.1423,2.1655,-1.4048,-1.3885,-1.1125,-1.4089,1.2949,-1.054
-0.86863,-1.0134,-1.04,-0.92548,1.4562,-0.84654,-0.88379,1.1249,1.4922,-0.81809,-0.92547,-0.79791,-0.8047,0.69004,-0.84909
-1.1307,-1.462,-1.771,-1.2764,1.7194,-1.1666,-1.1915,1.3402,0.76087,-1.227,-1.2762,-0.58913,-1.1918,1.5453,-1.0237
-1.1431,-1.4993,-2.4591,-1.297,1.3293,-1.2377,-1.2109,1.0392,1.6722,-1.1242,-1.2969,-1.2372,-1.3093,1.3451,-1.0377
-1.2954,-1.5375,-1.4931,-1.373,1.793,-1.5423,-1.3094,0.81745,0.8715,-1.4621,-1.3728,-1.0346,-1.6422,0.48639,-1.1276
-1.1494,-1.1073,-1.69,-1.1627,2.147,-1.3083,-1.1447,1.0052,0.57338,-1.3092,-1.1626,-0.69153,-1.3044,0.4148,-1.0445
-1.2796,-1.78,-2.4064,-1.4834,2.2289,-1.5524,-1.3575,1.4739,1.284,-1.5545,-1.4851,-1.1506,-1.6119,0.91917,-1.1133
-1.2997,-1.6592,-2.0564,-1.42,0.70093,-1.534,-1.3362,1.4311,2.208,-1.4477,-1.42,-1.2057,-1.576,0.81224,-1.1254
-1.2199,-1.432,-1.9203,-1.3182,1.6374,-1.411,-1.248,1.2803,0.88391,-1.4163,-1.3181,-0.82621,-1.443,0.71127,-1.0832
-1.4754,-1.5318,-1.8075,-1.7066,1.2278,-1.8684,-1.5766,1.0652,1.6467,-1.8741,-1.7065,-1.2409,-1.9182,1.3623,-1.2069
-1.0723,-1.3274,-1.4821,-1.1493,0.99453,-1.089,-1.0841,2.0936,0.34094,-0.93711,-1.1499,-0.91239,-1.0824,1.0164,-0.98044
-1.3869,-1.4526,-2.3579,-1.5529,1.4758,-1.729,-1.4347,0.88692,1.7466,-1.672,-1.5527,-1.467,-1.8095,0.50471,-1.17
-1.3655,-1.6654,-1.721,-1.6228,1.1702,-1.6343,-1.477,1.4762,1.3607,-1.6729,-1.6226,-1.1216,-1.6929,1.905,-1.1604
-1.1537,-1.3049,-1.8263,-1.1742,0.33658,-1.1647,-1.12,1.2803,1.1111,-1.1145,-1.1739,-0.68998,-1.1434,0.93494,-1.0422
-1.4253,-2.2611,-2.4915,-1.671,0.7923,-1.7942,-1.5308,0.93581,1.4586,-1.6952,-1.6709,-1.2062,-1.8504,1.3094,-1.1851
-1.2691,-1.6925,-2.3848,-1.3731,0.76228,-1.4876,-1.2962,0.52935,1.1361,-1.349,-1.3735,-0.92391,-1.483,0.70422,-1.1075
-1.2204,-1.3159,-1.2556,-1.3266,1.5379,-1.3945,-1.2416,0.99654,0.94466,-1.2998,-1.3269,-0.99006,-1.4478,0.74834,-1.0847
-1.0821,-1.2735,-1.5785,-1.1817,0.89806,-1.2353,-1.1184,0.6638,1.433,-1.1483,-1.1819,-1.147,-1.2791,0.57923,-1.015
-1.4545,-1.7226,-2.612,-1.6843,0.88996,-1.8304,-1.5436,1.0727,1.0317,-1.7624,-1.6841,-1.5423,-1.8858,1.1624,-1.2016
-1.2724,-1.392,-1.6593,-1.5126,1.2549,-1.5104,-1.3931,1.2567,0.50949,-1.5107,-1.5126,-1.0585,-1.5035,1.6587,-1.1145
-1.0999,-0.8713,-0.93275,-1.2425,0.9789,-1.1609,-1.1342,0.3659,1.814,-1.2063,-1.2422,-0.94224,-1.1555,1.0679,-1.0141
-1.2073,-1.1011,-1.4939,-1.3983,0.48888,-1.3646,-1.2848,1.4071,1.3388,-1.2367,-1.398,-1.2713,-1.4379,1.3498,-1.0833
-1.4172,-1.6313,-2.2928,-1.6209,0.29279,-1.7619,-1.4956,1.3049,1.3087,-1.6771,-1.6211,-1.4756,-1.8148,1.0496,-1.1858
-0.93665,-1.2908,-1.3751,-1.0134,0.91802,-0.929,-0.97374,1.2026,1.0943,-0.75404,-1.0133,-0.89263,-0.9805,0.92812,-0.89606
-1.2664,-1.5752,-2.2234,-1.4962,0.60671,-1.437,-1.3649,1.5529,1.251,-1.3765,-1.496,-1.2343,-1.4423,1.8151,-1.1154
-1.011,-1.3522,-1.5102,-1.0206,1.2027,-1.0573,-1.01,0.95262,1.5962,-1.0615,-1.0208,-0.65605,-1.097,0.63058,-0.94019
-1.0527,-1.2872,-1.5176,-1.0971,1.8158,-1.0755,-1.0649,1.6966,0.59055,-1.0514,-1.0972,-0.96558,-1.1395,0.93378,-0.97631
-1.4249,-2.527,-3.242,-1.6948,0.9312,-1.8659,-1.5584,1.7723,2.0693,-1.7024,-1.6946,-1.4706,-1.9145,1.0465,-1.1815
-1.3373,-1.8726,-2.129,-1.5496,0.52137,-1.6968,-1.4466,1.5311,2.0191,-1.5298,-1.55,-1.193,-1.7703,0.91785,-1.1421
-1.324,-1.4682,-2.2824,-1.5088,1.1293,-1.5579,-1.4012,0.4113,0.91646,-1.567,-1.5087,-1.2197,-1.5959,1.4106,-1.1424
-1.3179,-1.4385,-1.5811,-1.5185,1.3448,-1.5879,-1.3903,0.75636,1.855,-1.5832,-1.5196,-1.4191,-1.6715,1.0494,-1.1443
-1.2847,-1.5924,-1.6589,-1.4675,1.1697,-1.6003,-1.3594,0.045635,1.7968,-1.5876,-1.4673,-1.3534,-1.6893,0.60745,-1.1318
-1.2572,-1.4523,-1.3913,-1.3746,1.2931,-1.4413,-1.2685,1.5931,0.91888,-1.4055,-1.3752,-1.3049,-1.4868,0.72176,-1.1104
-1.1071,-1.2,-1.5941,-1.1867,2.0576,-1.2981,-1.1445,0.79858,1.5395,-1.1485,-1.1869,-1.0273,-1.3677,0.46478,-1.0121
-1.0446,-1.6081,-2.5093,-1.1141,2.9722,-1.0931,-1.0713,0.85995,1.0399,-1.2075,-1.1139,-0.76768,-1.1409,0.90127,-0.95234
-1.2803,-1.3625,-0.28611,-1.392,0.80261,-1.4056,-1.3258,0.50418,0.94087,-1.441,-1.3918,-1.0324,-1.4266,1.5462,-1.1144
-1.3949,-1.0443,-1.4722,-1.6096,1.7321,-1.6919,-1.4778,1.3468,0.80298,-1.8011,-1.6094,-1.2229,-1.7284,1.4095,-1.1791
-1.4546,-2.6208,-2.9337,-1.7385,0.84716,-1.8677,-1.5928,1.6784,2.2203,-1.7256,-1.7385,-1.4546,-1.9272,1.7064,-1.1933
-1.0376,-1.2411,-1.3238,-1.1536,1.3456,-1.0446,-1.1013,1.0629,1.2911,-1.2694,-1.1536,-0.62426,-0.92142,1.3618,-0.96937
-1.1947,-0.63605,-0.67385,-1.394,0.17584,-1.6612,-1.3071,-0.47744,0.98612,-1.451,-1.3937,-0.29498,-1.5775,-0.29268,-1.0745
-1.3998,-1.6794,-1.9729,-1.6514,1.2321,-1.7211,-1.4886,1.7403,1.0633,-1.7396,-1.6517,-1.1685,-1.7084,1.3142,-1.1793
-1.2302,-1.2018,-1.8161,-1.3346,1.2005,-1.5054,-1.2542,1.0214,1.6086,-1.346,-1.3346,-0.94511,-1.5774,0.21486,-1.0944
-1.2833,-1.6153,-2.3433,-1.4182,1.9341,-1.5153,-1.314,1.6535,2.1888,-1.4896,-1.4185,-1.1569,-1.5755,0.70497,-1.1221
-1.2446,-1.8335,-2.9091,-1.3786,1.8209,-1.459,-1.3235,0.51124,1.0155,-1.3824,-1.3789,-1.2805,-1.4777,1.1703,-1.0869
-1.1846,-1.3517,-1.5908,-1.3262,0.5387,-1.255,-1.2425,1.424,1.0533,-1.4025,-1.326,-0.89937,-1.1719,1.5602,-1.0578
-1.3967,-2.3241,-2.7306,-1.5756,1.0009,-1.75,-1.471,1.2342,1.3827,-1.6853,-1.5756,-1.2479,-1.8199,0.79834,-1.1738
-1.4331,-1.5051,-2.4066,-1.6294,1.3278,-1.741,-1.5083,1.6446,1.3141,-1.7669,-1.6292,-1.5703,-1.7918,1.4479,-1.1907
-1.0762,-0.81062,-1.3224,-1.1853,1.5836,-1.1078,-1.1284,0.94702,0.88529,-1.117,-1.1854,-1.2196,-1.1715,1.2819,-1.0093
-1.194,-1.8839,-2.5479,-1.3347,2.1604,-1.4119,-1.2733,0.41127,1.7263,-1.2903,-1.3349,-1.2121,-1.4648,0.94497,-1.0605
-1.3009,-1.1789,-1.5688,-1.5077,0.86438,-1.543,-1.392,1.0745,1.0855,-1.5204,-1.5076,-1.2417,-1.5614,1.4018,-1.1317
-1.4503,-1.4599,-1.9899,-1.6727,0.77095,-1.755,-1.5337,1.434,1.2101,-1.7961,-1.6727,-1.41,-1.8288,1.7581,-1.1971
-1.4553,-1.6436,-3.0156,-1.7342,0.67535,-1.9317,-1.5823,0.55394,1.9282,-1.7916,-1.7341,-1.5025,-2.0002,0.74148,-1.2024
-1.3591,-1.7666,-2.4533,-1.5905,1.7483,-1.7209,-1.4794,1.9685,2.0577,-1.6784,-1.5906,-1.4693,-1.7983,1.1763,-1.1568
-1.3775,-1.7009,-1.6293,-1.5865,1.394,-1.7018,-1.4602,1.6144,1.3838,-1.6542,-1.5864,-1.0868,-1.7469,1.0621,-1.1692
-1.2699,-1.9092,-1.0808,-1.4732,1.0918,-1.4752,-1.3675,1.2543,2.1203,-1.5226,-1.4735,-0.90869,-1.5162,1.5791,-1.1081
-1.244,-1.9802,-2.726,-1.3776,3.2004,-1.5,-1.289,0.53519,1.5292,-1.5296,-1.3782,-1.0899,-1.5821,0.55769,-1.098
-1.4446,-2.0839,-3.435,-1.6898,1.2001,-1.8976,-1.5637,0.96843,1.9765,-1.7553,-1.6896,-1.4706,-1.9608,0.79582,-1.1906
-1.4184,-2.1641,-3.2442,-1.653,2.0285,-1.8669,-1.5309,1.3345,1.3573,-1.7452,-1.6532,-1.4559,-1.9591,0.58017,-1.1818
-1.0933,-1.0452,-1.8906,-1.0979,0.64991,-1.1735,-1.0692,0.92409,0.74552,-1.0076,-1.098,-0.96963,-1.1433,0.51739,-1.0046
-1.2275,-1.7039,-2.2527,-1.3838,2.0188,-1.4455,-1.285,1.3039,1.1953,-1.4538,-1.3846,-1.0598,-1.4964,0.85514,-1.0803
-1.3285,-2.0155,-2.0708,-1.4556,1.4683,-1.7017,-1.3891,0.94066,1.2635,-1.499,-1.4553,-0.98069,-1.7799,0.19817,-1.1371
-1.0825,-1.4953,-1.9456,-1.0993,0.41887,-1.0993,-1.0789,0.73397,0.92423,-0.99809,-1.0992,-0.88145,-1.1428,0.92882,-1.002
-1.3086,-1.7215,-1.9693,-1.4802,1.9666,-1.5912,-1.3855,1.7508,0.71127,-1.5166,-1.4799,-1.0394,-1.6494,0.96672,-1.1255
-1.1145,-1.3366,-1.4196,-1.1554,1.443,-1.2128,-1.13,1.5814,0.96806,-1.1671,-1.1552,-0.85722,-1.2125,0.7776,-1.0149
-1.2545,-1.0011,-1.14,-1.4643,0.78047,-1.4313,-1.3423,0.92095,1.0238,-1.5282,-1.4641,-1.0999,-1.4082,1.5718,-1.1087
-1.1158,-1.4816,-1.9451,-1.1782,1.3724,-1.1191,-1.1344,1.3936,1.0918,-1.1909,-1.1785,-1.109,-1.0929,1.2769,-1.0053
-1.3922,-1.6787,-2.1905,-1.5562,1.3419,-1.7552,-1.4469,1.2721,1.6344,-1.5965,-1.556,-1.2726,-1.8431,0.44052,-1.1717
-1.4195,-1.5363,-2.0007,-1.6075,1.1146,-1.8117,-1.4748,1.089,1.5942,-1.6759,-1.6074,-1.3144,-1.8772,0.30944,-1.1874
-1.495,-2.4688,-3.092,-1.767,0.20637,-1.9723,-1.6119,1.1195,1.7129,-1.7556,-1.7671,-1.4963,-2.045,0.81868,-1.2117
-1.1512,-1.7083,-2.5233,-1.1831,2.3469,-1.346,-1.1635,0.3377,1.1946,-1.2945,-1.1841,-1.009,-1.4456,0.36484,-1.0408
-1.2402,-1.634,-2.6978,-1.3576,1.1151,-1.4675,-1.2792,1.1106,1.7265,-1.3391,-1.3574,-1.1952,-1.5243,0.66503,-1.0926
-1.2324,-1.1274,-1.0008,-1.4428,1.4014,-1.3165,-1.2978,2.0713,0.64615,-1.5388,-1.4426,-1.0005,-1.1913,1.7926,-1.0897
-1.2625,-1.6491,-1.5404,-1.5081,1.3798,-1.6551,-1.384,0.91596,2.0321,-1.4956,-1.5078,-1.3711,-1.7231,0.48429,-1.1167
-1.1998,-0.79122,-0.96295,-1.271,0.48451,-1.402,-1.2366,0.85119,0.23883,-1.2488,-1.2708,-1.0277,-1.469,0.66122,-1.0757
-1.0946,-1.4439,-2.0161,-1.0912,2.1883,-1.2077,-1.0688,1.1129,1.7524,-1.1627,-1.0909,-0.85466,-1.254,0.35846,-0.99298
-1.3557,-1.3819,-1.4737,-1.4723,0.28666,-1.6257,-1.3712,0.56745,0.62262,-1.4849,-1.4721,-1.3131,-1.6732,0.5564,-1.1588
-1.1713,-1.3633,-1.0553,-1.337,1.0419,-1.255,-1.2518,1.4434,1.5743,-1.3093,-1.3368,-0.76946,-1.2282,1.6565,-1.0666
-1.2231,-1.9144,-2.1779,-1.4184,1.2634,-1.4167,-1.3145,1.0328,1.2671,-1.2757,-1.4183,-0.91376,-1.499,1.3452,-1.0838
-1.3013,0.24271,0.082956,-1.4848,-0.079875,-1.8286,-1.3802,-0.29513,-0.50414,-1.7559,-1.4848,-1.075,-1.8447,-0.81288,-1.1549
-1.3189,-1.4253,-2.3167,-1.4939,1.6518,-1.6104,-1.3817,1.2058,1.6165,-1.5933,-1.4937,-1.3827,-1.7003,0.78324,-1.1376
-1.2104,-1.7305,-2.1625,-1.3494,1.3601,-1.4303,-1.2504,1.6331,1.6676,-1.3156,-1.3491,-1.0476,-1.5107,0.62067,-1.0808
-1.2197,-1.2522,-1.9326,-1.4029,1.752,-1.4003,-1.2793,2.6474,1.2404,-1.2932,-1.4029,-1.2428,-1.4719,1.075,-1.0849
-1.4939,-2.2899,-2.6832,-1.7292,1.3218,-1.9501,-1.5957,0.97429,1.7423,-1.8449,-1.7291,-1.571,-1.9996,0.77469,-1.2106
-1.2898,-1.3611,-1.6722,-1.5233,1.3756,-1.5733,-1.3914,1.1045,1.8418,-1.5782,-1.5236,-1.3539,-1.6198,1.1706,-1.1316
-1.3463,-1.7243,-1.8637,-1.5961,0.87514,-1.7172,-1.4684,1.4413,2.191,-1.6225,-1.5961,-1.2532,-1.7949,1.0469,-1.1527
-1.0081,-0.79892,-0.086812,-0.97189,0.67514,-1.0512,-0.91651,-0.49961,0.83135,-0.93809,-0.97254,-0.58038,-1.1179,0.094088,-0.9792
-1.2809,-1.3709,-1.8696,-1.4403,1.1752,-1.5364,-1.3761,2.0339,0.93313,-1.4724,-1.44,-1.1095,-1.5499,1.2506,-1.1162
-1.0055,-1.0649,-1.4889,-1.0014,0.47507,-0.95691,-1.0072,1.1443,1.0884,-1.0096,-1.0011,-1.0314,-0.88393,1.0402,-0.93891
-1.4568,-2.2917,-2.8817,-1.6923,0.78889,-1.8253,-1.5533,1.2692,1.6172,-1.7869,-1.6921,-1.3859,-1.8818,1.3905,-1.1971
-0.98086,-1.77,-0.81128,-0.95862,1.0624,-1.0103,-0.96197,0.15218,1.0646,-0.80178,-0.95845,-0.98331,-1.1552,0.52025,-0.92479
-1.3523,-1.4917,-2.4736,-1.4701,0.3048,-1.6666,-1.3757,1.4187,1.4745,-1.432,-1.4702,-1.4779,-1.7338,0.3113,-1.1571
-1.3518,-1.7278,-2.1881,-1.5538,1.6676,-1.6225,-1.4188,1.1891,0.67452,-1.6823,-1.5536,-1.2126,-1.593,1.1467,-1.1553
-1.0889,-1.3431,-1.3224,-1.1654,0.85437,-1.2237,-1.0915,0.91902,0.20848,-1.0179,-1.1661,-1.0743,-1.2933,0.44061,-1.013
-1.4329,-2.0021,-3.1826,-1.6778,1.4204,-1.9005,-1.5356,1.0454,2.0815,-1.7045,-1.6776,-1.5272,-1.9672,0.31068,-1.1881
-1.2311,-1.7127,-2.1761,-1.3817,1.6228,-1.4735,-1.2879,1.9655,1.2736,-1.2609,-1.382,-0.93793,-1.5613,0.71148,-1.0828
-1.1639,-1.4709,-2.2737,-1.3114,0.82298,-1.3344,-1.2247,1.0629,1.8884,-1.2172,-1.3113,-1.3699,-1.3568,0.93621,-1.0497
-0.88139,-1.0954,-0.67744,-0.80696,1.9604,-0.62596,-0.86445,1.4001,0.9962,-1.0519,-0.80675,-0.52069,-0.56104,1.3921,-0.81817
-1.4346,-1.97,-2.3636,-1.6329,0.36756,-1.8101,-1.5116,0.52802,1.2331,-1.6565,-1.6329,-1.4033,-1.86,0.84107,-1.19
-1.3792,-1.549,-1.7631,-1.6015,0.36352,-1.6944,-1.4655,0.88565,2.005,-1.602,-1.6012,-1.1468,-1.761,1.2021,-1.1701
-0.88393,-0.57256,-0.86,-0.83196,0.42549,-0.90004,-0.85727,0.5241,0.70318,-0.83809,-0.83204,-0.72548,-0.96122,0.34262,-0.86884
-1.1736,-1.3605,-1.9355,-1.2576,1.7817,-1.3075,-1.1892,0.7524,0.89338,-1.35,-1.2575,-0.95985,-1.3631,0.77254,-1.0591
-1.3436,-1.5649,-1.9995,-1.5601,0.82815,-1.6111,-1.4243,1.8438,1.3361,-1.5242,-1.5599,-1.1187,-1.6655,1.3094,-1.1496
-1.2739,-1.4784,-2.1596,-1.3207,0.69625,-1.4486,-1.2695,1.4442,0.93901,-1.3483,-1.3204,-1.3497,-1.4402,0.68748,-1.1052
-1.4062,-2.1035,-2.6487,-1.6005,1.6553,-1.7534,-1.4796,1.2509,1.1959,-1.6553,-1.6007,-1.4907,-1.7726,0.88974,-1.1748
-1.3306,-1.7101,-2.327,-1.5155,0.44502,-1.7103,-1.4298,1.5291,1.1439,-1.5564,-1.5152,-1.2679,-1.7552,0.59366,-1.1507
-1.2889,-1.5279,-2.1323,-1.3786,0.8613,-1.4564,-1.3141,1.567,1.1001,-1.4105,-1.3783,-1.254,-1.4899,1.0853,-1.1212
-1.2571,-2.0223,-2.2918,-1.4471,2.381,-1.581,-1.3416,1.085,1.5414,-1.4631,-1.4471,-1.1768,-1.6853,0.55301,-1.0987
-1.2207,-1.4671,-1.4196,-1.3216,1.7115,-1.4053,-1.2472,1.6487,1.6046,-1.3763,-1.3214,-0.97831,-1.4328,0.73756,-1.0811
-1.2955,-1.5492,-1.7848,-1.4816,1.5717,-1.6515,-1.3889,1.6445,1.3946,-1.598,-1.4822,-1.3387,-1.7126,0.56484,-1.1311
-1.0577,-1.6655,-1.7803,-1.1051,1.4111,-1.0793,-1.077,1.4804,0.97682,-1.0494,-1.1055,-0.41977,-1.0871,1.0069,-0.96276
-1.2459,-1.9915,-1.0836,-1.4902,0.89359,-1.4666,-1.3644,1.7697,1.8424,-1.3865,-1.4907,-1.2672,-1.5226,1.6012,-1.0948
-1.3144,-1.576,-1.7387,-1.5495,1.352,-1.6311,-1.4198,1.0987,1.5168,-1.5882,-1.5496,-1.4536,-1.6809,1.092,-1.1417
-1.3853,-2.2877,-3.0635,-1.5924,1.0574,-1.7999,-1.4885,0.63929,2.5225,-1.6685,-1.5922,-1.3588,-1.9006,0.59773,-1.165
-1.184,-1.8685,-0.68227,-1.3055,1.2285,-1.2764,-1.2465,0.68298,1.8979,-1.3369,-1.3053,-0.91281,-1.2176,1.4769,-1.0516
-1.4808,-2.1882,-3.092,-1.728,0.79289,-1.9031,-1.5869,1.6508,1.6165,-1.7915,-1.7278,-1.6464,-1.9933,1.1628,-1.2086
-1.2087,-1.502,-1.5989,-1.3067,0.98558,-1.3676,-1.2496,1.5714,0.9466,-1.1974,-1.3066,-1.1611,-1.3846,0.97807,-1.0717
-1.2187,-1.8586,-2.4987,-1.3569,1.8025,-1.5152,-1.2766,1.1547,1.198,-1.3134,-1.3567,-1.1897,-1.6107,0.35064,-1.0754
-0.64051,-0.58639,-0.10359,-0.44233,0.92488,-0.76021,-0.55169,-0.20614,0.47687,-0.46288,-0.44205,-0.31572,-0.79384,-0.53692,-0.64194
-1.2025,-2.1345,-2.2971,-1.3298,1.3538,-1.3503,-1.2563,1.317,1.3756,-1.2456,-1.3296,-0.85025,-1.4413,1.1445,-1.0651
-1.2419,-1.7215,-2.0198,-1.3797,1.7251,-1.486,-1.2744,1.3602,1.015,-1.2433,-1.3795,-0.97408,-1.5282,0.5077,-1.0936
-1.4455,-1.7193,-2.0337,-1.6804,1.0635,-1.7932,-1.5476,2.234,1.6167,-1.7874,-1.6802,-1.3912,-1.8549,1.6234,-1.1969
-1.2397,-0.88683,-0.94226,-1.3993,0.71235,-1.4917,-1.2787,1.0075,0.70109,-1.4409,-1.399,-0.76032,-1.4912,0.5123,-1.0994
-0.87351,-1.1907,-1.6223,-1.0202,1.2944,-0.51698,-0.94493,2.5212,0.92677,-0.90059,-1.02,-0.81405,-0.24908,2.3867,-0.80751
-1.2225,-1.8698,-2.0787,-1.2989,0.81535,-1.4557,-1.2513,0.96092,1.4727,-1.2303,-1.3003,-1.0309,-1.5221,0.4807,-1.0787
-0.95011,-0.74342,-1.2634,-1.104,0.30815,-0.99117,-1.0624,1.4304,0.97283,-0.99865,-1.104,-1.074,-0.9856,1.2983,-0.91432
-1.2191,-2.0064,-2.5997,-1.3758,1.7294,-1.4777,-1.2866,1.3362,1.6267,-1.3138,-1.3758,-1.2885,-1.5428,0.67297,-1.0817
-1.4328,-1.9157,-2.7448,-1.6671,1.8613,-1.8811,-1.5339,0.9981,2.222,-1.7479,-1.667,-1.3868,-1.9621,0.48276,-1.1888
-1.4302,-1.7415,-2.5971,-1.6344,1.1153,-1.8121,-1.5018,0.65044,1.8187,-1.7183,-1.6345,-1.3977,-1.835,0.67613,-1.1876
-1.1767,-1.5875,-2.0905,-1.3651,3.1701,-1.29,-1.2678,2.2743,1.6848,-1.4878,-1.365,-1.0517,-1.3487,1.6206,-1.0551
-1.3445,-1.564,-2.3144,-1.4896,0.80927,-1.599,-1.3968,1.207,1.5923,-1.5016,-1.4894,-1.248,-1.6768,1.0458,-1.1553
-1.3625,-2.191,-2.3844,-1.6105,3.1311,-1.7652,-1.4752,0.77562,1.7208,-1.7108,-1.6105,-1.1346,-1.8321,0.72424,-1.1571
-1.2222,-1.3965,-1.9794,-1.4504,2.1331,-1.4374,-1.3334,1.0666,1.6557,-1.5749,-1.4502,-1.3909,-1.4691,1.4254,-1.0935
-1.4006,-0.82964,-2.535,-1.6799,0.23376,-1.862,-1.5186,1.3029,1.6543,-1.7466,-1.6797,-1.518,-1.9234,0.44363,-1.1877
-1.2053,-1.5613,-1.8965,-1.3183,1.8745,-1.4543,-1.2528,1.3504,1.4232,-1.3561,-1.3186,-0.87037,-1.5273,0.50276,-1.0803
-1.166,-0.88067,-0.59459,-1.2524,0.59102,-1.3468,-1.1962,0.19816,1.1898,-1.3034,-1.2522,-1.0285,-1.3621,0.62054,-1.0543
-1.2155,-1.1543,-1.271,-1.4067,0.16589,-1.3747,-1.3187,1.97,1.4756,-1.3254,-1.4065,-1.1245,-1.3972,1.6654,-1.0883
-1.4127,-2.4599,-3.5953,-1.6867,0.48655,-1.8139,-1.5482,1.3787,1.9268,-1.6903,-1.6866,-1.5334,-1.8935,1.4184,-1.178
-1.3506,-2.0784,-2.6136,-1.5498,1.3272,-1.7128,-1.4358,1.3527,1.4598,-1.6228,-1.5495,-1.1727,-1.7621,0.64834,-1.1512
-1.3997,-1.8467,-2.1418,-1.5833,1.3917,-1.7635,-1.4769,1.2952,1.3984,-1.6755,-1.5833,-1.3513,-1.8243,0.76169,-1.1742
-1.1835,-2.0053,-2.528,-1.3422,2.0056,-1.3777,-1.2405,1.0736,1.4433,-1.2359,-1.342,-1.0999,-1.4408,0.83529,-1.0524
-1.3662,-1.7712,-2.6356,-1.5985,1.1634,-1.6753,-1.4538,0.75147,1.903,-1.6472,-1.5983,-1.4579,-1.7496,1.1954,-1.1607
-1.3556,-1.6128,-2.0325,-1.5921,0.85107,-1.6141,-1.4753,1.4714,2.0804,-1.6393,-1.5919,-1.2972,-1.6768,2.0539,-1.1521
-1.1981,-1.5321,-1.4019,-1.315,1.408,-1.2976,-1.2394,1.1018,0.43421,-1.3223,-1.3159,-0.83709,-1.2638,1.2845,-1.0666
-1.2782,-1.5376,-1.6602,-1.4769,2.151,-1.5741,-1.3605,2.0432,1.4167,-1.4622,-1.4767,-1.004,-1.6503,0.80228,-1.1186
-1.3466,-1.821,-2.4256,-1.5452,1.5162,-1.6465,-1.4345,1.3757,1.4793,-1.5873,-1.5454,-0.96994,-1.7021,1.1662,-1.1471
-1.2304,-1.8327,-0.69336,-1.3725,1.064,-1.3619,-1.2932,0.62153,2.2496,-1.4041,-1.3724,-0.96165,-1.3866,1.4571,-1.093
-1.4686,-1.7308,-2.5805,-1.7237,1.9239,-1.8993,-1.569,0.38752,1.4328,-1.85,-1.7236,-1.4004,-1.9842,0.86988,-1.204
-1.352,-1.5031,-1.621,-1.531,1.2776,-1.6074,-1.4156,1.7378,0.82121,-1.6149,-1.5309,-1.0092,-1.6151,1.222,-1.1563
-1.2697,-1.7375,-2.0697,-1.3897,1.6907,-1.5535,-1.3219,1.3421,1.302,-1.4217,-1.3895,-1.0378,-1.5981,0.53669,-1.0998
-1.2146,-1.6829,-2.0232,-1.3301,1.0588,-1.4187,-1.2565,0.75321,1.2241,-1.229,-1.3299,-0.9884,-1.4953,0.74453,-1.0827
-1.1031,-1.0694,-1.1587,-1.1779,1.1557,-1.1642,-1.1344,0.94378,0.90865,-1.2098,-1.1775,-0.96954,-1.1741,1.0537,-1.0199
-1.0906,-1.2698,-1.5226,-1.1472,1.9225,-1.1922,-1.0818,1.2997,1.3319,-1.1597,-1.1469,-0.82592,-1.2605,0.51884,-1.0054
-1.2554,-1.8676,-2.2761,-1.4267,1.0026,-1.4911,-1.322,1.4006,1.5336,-1.2457,-1.4265,-1.0746,-1.5597,0.94437,-1.1022
-1.149,-1.5219,-1.9334,-1.2368,1.8539,-1.3193,-1.1629,0.78262,1.243,-1.2064,-1.2367,-1.1567,-1.4021,0.49739,-1.0493
-1.1394,-1.8476,-2.3238,-1.1995,1.9017,-1.3567,-1.171,0.8822,1.3604,-1.1832,-1.1992,-1.1338,-1.4349,0.36664,-1.0236
