1.0302,0.87802,1.1476,0.93866,-0.45098,0.91047,1.0309,-1.0919,-0.24662,1.1827,0.93862,5.2607,0.69024,-0.92818,0.88343
1.2216,1.0347,1.1905,1.016,-0.90213,0.97861,1.207,-1.1595,-0.49064,0.82412,1.0168,2.4202,0.87143,-1.0934,0.96907
0.95067,0.83982,1.0101,1.189,-0.76799,1.0688,1.0807,-1.1941,-0.40821,0.813,1.1897,1.6189,0.97946,-0.79694,0.99646
1.1484,0.96882,-0.059307,1.0524,-0.99597,1.4045,1.1075,-0.50186,-0.61655,0.62189,1.0531,-1.3188,1.3827,-0.4068,1.1657
1.331,1.0395,0.97096,1.1075,-0.70602,1.3164,1.1284,-0.84857,-1.0677,1.1618,1.108,0.78181,1.291,-0.55297,1.3115
0.23111,0.69276,0.96385,0.033749,-0.16317,0.33617,0.074489,-0.60527,0.49273,0.42255,0.034173,0.97019,0.24068,0.082031,-0.0092276
0.59549,0.98951,0.70992,0.35605,-0.42412,0.47608,0.57076,-0.54663,0.32634,0.18473,0.35667,-0.5967,0.48696,-0.78566,0.30373
0.76573,0.88427,0.8877,1.0586,-1.0777,1.0692,0.91992,-0.86065,-0.88552,0.72855,1.0592,0.13766,1.2152,-0.53769,0.89885
0.80126,1.0541,0.95738,0.66017,-1.2445,0.4219,0.74377,-1.0378,-0.60276,0.22177,0.66073,0.16868,0.36972,-1.1622,0.49745
1.4301,0.8821,0.81615,1.235,-0.32465,1.5746,1.3236,-0.7012,-1.433,1.5951,1.2351,-0.41017,1.3003,-0.53355,1.4124
0.79618,1.1542,0.0033133,0.60511,-1.0237,0.26109,0.85574,0.58146,-1.4986,0.014083,0.6052,-0.97335,0.086985,-1.5567,0.33087
-0.072108,0.54052,0.82862,0.03864,0.23945,0.097985,0.018812,-0.69155,-0.072537,0.090106,0.038685,-0.035725,0.021539,-0.23877,-0.23092
0.45697,0.99701,0.763,0.3787,-0.53477,0.37719,0.4497,-0.41075,-0.90443,0.4848,0.37761,0.073255,0.47053,-0.71372,0.24568
2.0067,0.97517,0.81692,2.0438,-0.84924,2.2834,2.2069,-0.82093,-2.2292,1.5598,2.0428,0.38978,2.1697,-0.90078,2.4723
-0.71803,1.0472,0.26205,-0.93129,-0.7302,-1.2101,-0.76953,-0.60752,1.1741,-1.2077,-0.93105,-0.89443,-1.2304,-1.1423,-0.92754
0.43625,0.86811,1.0311,0.78784,-0.047718,0.81746,0.64929,-1.1917,0.4195,0.76845,0.78825,2.4857,0.87817,-0.40962,0.44502
1.2976,0.89921,0.6174,1.3802,-0.94939,1.3324,1.377,-0.66845,-0.9028,1.5094,1.3791,-0.12021,1.1524,-0.89694,1.2854
0.51277,0.89213,1.0193,0.54593,-0.51759,0.97088,0.47472,-0.61587,0.10407,0.55446,0.5449,0.83743,1.0869,0.20067,0.53645
1.3786,1.0324,0.96731,1.415,-1.25,1.1604,1.4148,-0.95784,-0.9582,1.2075,1.4135,-0.18152,1.1965,-1.1479,1.557
0.52969,0.86903,0.57514,0.66471,-0.42787,0.72633,0.51912,-0.40125,-0.39371,0.54692,0.66484,-0.52709,0.68857,-0.29017,0.35252
0.83619,1.1056,1.124,0.69489,-1.4073,0.38698,0.7471,-0.96292,0.011055,0.432,0.69522,1.8231,0.45115,-1.2183,0.66224
0.43922,0.70965,0.88469,0.31767,-0.14693,0.54351,0.28557,0.0039615,-0.44917,0.48725,0.31687,0.17612,0.43852,-0.074447,0.2811
1.4905,0.98874,1.0959,1.2507,-1.0692,1.4313,1.3739,-0.95483,-0.30907,1.2168,1.2513,4.2786,1.2102,-0.77629,1.3289
0.40087,1.0937,-0.066031,0.31944,-1.1271,-0.19106,0.45362,0.20751,-0.72936,0.093344,0.31985,-1.3464,-0.21727,-1.6514,-0.073361
0.37988,0.54514,0.82121,0.72964,-0.27866,1.0055,0.45654,-0.76928,-0.14168,0.62783,0.72989,0.75373,0.97599,0.29981,0.32332
-0.049782,1.0402,0.86473,-0.23285,-0.54402,-0.38154,-0.12284,-0.86515,-0.92941,-0.62858,-0.23239,-0.44739,-0.3466,-0.87129,-0.42612
1.359,1.0073,-0.14608,1.3171,-0.86683,1.9416,1.2791,-0.20492,-1.4915,0.87644,1.3173,-1.3426,1.9928,-0.02078,1.8437
-0.091106,0.65773,0.90154,-0.12027,-0.50713,-0.038818,-0.07368,-1.1667,0.74087,-0.027719,-0.12047,-0.083158,-0.13841,-0.26966,-0.3764
1.7531,1.0583,0.65969,1.7056,-1.1519,1.6305,1.9089,-0.53047,-1.3383,1.403,1.7061,-0.42618,1.6172,-1.2153,1.8719
-0.52512,0.56257,0.61916,-0.49057,0.10963,-0.57947,-0.47311,-0.49586,-0.092765,-0.71024,-0.49048,-0.55794,-0.53191,-0.31381,-0.66676
-0.16766,0.58501,0.49461,-0.24139,-0.16242,-0.17611,-0.17783,-0.7505,0.7918,-0.1423,-0.24302,-0.53931,-0.28592,-0.27101,-0.38092
0.49201,0.95447,1.0256,0.73731,-0.47724,0.44508,0.52842,-1.317,-0.26553,0.20041,0.73802,0.40219,0.80947,-0.75563,0.53286
0.16566,0.97127,1.1353,0.048282,-0.6745,-0.18426,0.035765,-1.4085,0.10949,-0.2582,0.048847,1.4567,-0.28579,-0.84402,-0.16486
1.8643,0.92937,1.0613,1.6398,-1.0799,2.3006,1.8372,-0.77894,-1.353,1.5869,1.6406,1.6047,2.0752,-0.44372,2.0676
2.3324,1.1562,1.0506,2.0553,-1.3445,1.554,2.2653,-0.42436,-2.1693,1.7556,2.0562,0.58575,1.4964,-1.6395,2.6475
0.048938,-0.077924,0.45106,0.56901,-0.58114,0.88706,0.21096,0.14041,-0.43585,1.0921,0.56874,0.055012,0.70795,0.73728,0.15486
-0.015585,0.51042,0.94744,-0.055447,-0.18,0.24528,0.0018087,-1.2502,0.21939,0.29086,-0.055489,0.74076,0.16092,0.10445,-0.19411
-0.10901,0.72463,1.0199,0.041999,0.40278,-0.044183,-0.054199,-0.80589,0.21138,0.0040951,0.042534,1.0777,0.15092,-0.33409,-0.021077
1.3009,1.1062,0.72886,1.2472,-0.61302,1.1063,1.3487,-0.93296,-0.65992,0.47477,1.2464,-0.4749,1.2509,-1.127,1.1586
-1.0191,-0.25459,0.22602,-0.99413,-1.2301,-1.116,-0.95232,-1.0216,-0.72855,-0.89026,-0.99401,-1.048,-1.1763,0.036033,-0.9872
-0.35836,0.7772,0.67207,-0.47358,-0.5775,-0.46343,-0.50749,-0.65254,-1.5297,-0.79798,-0.4737,0.062952,-0.40744,0.12881,-0.55365
2.5525,1.0854,0.81841,1.9284,-1.3587,1.9983,2.2216,-0.56649,-1.7977,1.885,1.9272,0.49176,1.7946,-1.1838,2.7248
0.6856,0.74165,0.47534,0.69946,-0.036714,1.0107,0.76371,0.18968,-0.031531,0.76278,0.70009,-0.61832,0.7791,-0.34134,0.53039
1.3835,1.0537,-0.32008,1.2651,-1.0991,1.1358,1.3544,-0.35189,-0.69563,0.49197,1.2654,-1.3674,1.1249,-1.0993,1.2902
-0.08147,-0.65754,0.17239,0.61248,-1.7534,0.41167,0.34151,-0.64822,-1.0237,0.95881,0.61209,0.6645,0.36718,-0.43185,0.0077314
0.14117,0.52662,0.52459,0.53533,-0.9768,0.47712,0.28139,0.17385,-0.42061,0.66919,0.53594,1.0901,0.7442,-0.18154,0.3986
1.1168,1.0505,1.1273,1.075,-1.269,0.64392,0.98303,-0.93132,-0.46358,0.78214,1.0753,0.92904,0.73771,-1.2116,1.0954
1.3606,1.013,0.76643,1.3407,-0.62043,1.5195,1.4342,-0.29785,-0.94973,0.64316,1.3415,0.4731,1.3744,-0.75656,1.409
1.9184,1.1154,1.1335,1.7884,-1.1756,1.3926,1.9243,-1.3423,-1.4771,1.1862,1.7894,1.0486,1.3637,-1.4722,2.0417
1.1527,1.1127,0.14385,1.2259,-0.97157,0.54397,1.2401,-0.10411,-0.26964,0.41025,1.2267,-1.1665,0.47804,-1.6723,0.8338
-0.98259,0.57034,-0.025886,-1.156,-0.11904,-1.3979,-1.0165,0.010078,1.416,-1.3041,-1.1557,-0.78226,-1.4663,-0.7941,-1.0324
-0.62173,0.87106,-0.0052451,-0.79627,-0.93192,-0.84061,-0.64553,-0.18944,1.3507,-0.97445,-0.79611,-0.83003,-0.83845,-0.42617,-0.81386
-0.26877,0.53466,1.076,-0.2114,0.063992,-0.095409,-0.26269,-1.3814,0.82036,-0.29498,-0.21304,1.2572,-0.20078,0.17941,-0.46499
1.7263,1.0279,1.0131,1.5664,-1.0986,1.9163,1.7039,-0.90409,-1.678,1.5653,1.5671,1.3208,1.8879,-0.67444,1.9086
-0.41744,0.53824,0.78576,-0.30224,0.12119,-0.31795,-0.34793,-1.1968,-0.15981,-0.51097,-0.30175,-0.60325,-0.28368,-0.069856,-0.5705
0.60792,0.81704,0.91171,0.73927,-0.47326,0.47059,0.64867,-0.62497,-0.37933,0.37843,0.73975,-0.53707,0.53627,-0.9329,0.57515
0.44691,0.73272,0.58521,0.22949,-0.48514,0.59499,0.32603,-0.24953,-0.026593,0.51492,0.22876,-0.42897,0.54035,-0.080771,0.26546
0.51275,0.89394,0.79345,0.68734,-0.75889,0.43689,0.59913,-0.96057,-0.21226,0.44545,0.68798,-0.13091,0.45827,-0.89768,0.64698
0.42626,0.68334,1.0356,0.4687,-0.23198,0.38438,0.50653,-1.2387,0.46931,0.71376,0.46925,0.84185,0.30947,-0.81121,0.13862
1.1821,0.87432,0.66555,1.2699,-0.50526,1.3134,1.2359,-0.11935,-0.89211,1.4664,1.2707,0.35346,1.3882,-0.72051,1.3035
-0.36339,-1.8001,-0.81705,0.45712,0.51821,-0.37099,0.062004,-0.79373,-0.68791,0.88077,0.45718,1.449,-0.51126,-1.27,-0.24029
0.53901,1.1038,1.1415,0.34225,-1.2898,0.28255,0.44713,-1.4812,-0.03839,0.088027,0.34278,0.89448,0.32218,-0.86399,0.25291
1.8923,1.0597,0.93338,1.525,-0.90023,1.6032,1.8196,-1.228,-1.4796,1.4203,1.5257,0.388,1.6078,-1.1446,2.0105
0.59947,0.66777,0.85295,0.65105,-0.22816,1.0092,0.57662,-0.50398,-0.18417,0.59465,0.65171,0.34388,0.9178,0.032947,0.68546
0.15017,0.8879,0.67676,0.24107,-0.72526,0.12133,0.11911,-0.5124,-0.91566,0.10744,0.24168,-0.37733,0.15089,-0.44664,-0.08994
0.40399,1.0798,1.0598,0.25887,-1.3298,0.076177,0.28853,-1.2521,-0.068092,-0.012113,0.25945,0.45806,0.13659,-0.90359,0.11339
1.9047,1.1027,0.57229,1.3718,-1.3885,1.6906,1.6188,0.12066,-0.87917,1.2057,1.3726,1.003,1.5718,-0.80934,1.7165
1.4435,0.97615,0.56866,1.4503,-0.87476,1.253,1.5029,-0.20869,-1.2867,1.5856,1.4509,-0.047959,1.0654,-1.1513,1.3819
-0.018766,1.1106,0.27337,-0.18746,-0.97644,-0.50788,0.010757,-0.068055,0.28621,-0.48862,-0.18695,-1.1273,-0.48932,-1.4367,-0.43972
0.90378,0.91703,0.92914,0.56255,-0.50925,0.92355,0.70959,-0.58777,-0.39252,0.99939,0.56304,0.62719,0.67663,-0.36658,0.57059
1.5885,0.98829,1.0671,1.5476,-0.99584,1.7942,1.7066,-1.2953,-0.70192,1.4677,1.5485,1.1381,1.6175,-0.80863,1.6655
1.1412,1.0677,-0.29182,1.1004,-1.1462,1.4563,1.0469,0.32819,-1.0538,0.82857,1.1012,-1.3,1.8708,-0.23772,1.5162
0.32851,0.9583,0.25895,0.34184,-0.49072,0.012381,0.48516,-0.20157,-0.48592,-0.094326,0.34246,-1.0549,0.016675,-1.3715,0.013289
1.3671,1.1525,1.086,1.4231,-0.92467,0.89474,1.3595,-1.0527,-0.97793,0.52139,1.424,1.2733,0.9144,-1.3913,1.318
1.3294,0.90203,0.95704,1.5204,-0.47268,1.8702,1.4955,-0.82436,-1.3769,1.0786,1.5212,1.8471,1.8904,-0.44069,1.677
1.5864,0.98089,1.002,1.3946,-0.89653,1.6904,1.5363,-1.3758,-1.4396,1.7909,1.3941,1.2753,1.4384,-0.70074,1.7497
1.1932,1.0842,1.045,1.025,-1.2323,0.96224,1.0834,-0.97625,-0.40948,0.77023,1.0252,0.20091,0.91417,-0.9388,1.0302
0.43566,0.90748,0.88138,0.56498,-0.9065,0.17448,0.51563,-1.0069,-0.82231,0.22507,0.56566,-0.24014,0.36528,-1.163,0.25219
0.13364,1.0844,0.39674,-0.12847,-0.60592,-0.15519,0.033968,-0.42703,-0.7383,-0.43515,-0.12826,-0.58734,-0.35005,-0.78205,-0.36425
0.62503,-0.43706,0.99168,0.98688,-1.0586,2.4442,0.74949,0.11848,-1.4793,1.7179,0.986,2.3237,2.278,1.7711,1.1523
0.61553,0.74691,0.80416,0.48449,-0.00037511,0.75999,0.44619,-0.88906,-0.14909,0.55632,0.48189,1.523,0.63414,-0.078379,0.39241
1.5571,1.0235,1.1325,1.5035,-0.77155,1.7359,1.7329,-1.1306,-1.0206,1.311,1.5003,2.8376,1.7261,-0.90335,1.6397
0.36149,-1.4099,0.24797,1.4326,-0.62095,1.737,0.86758,1.107,-1.9978,1.8189,1.4335,1.8258,1.6119,0.48328,0.91166
0.39492,1.0453,1.1054,0.40977,-1.0681,-0.0035539,0.3192,-1.5201,1.0608,0.069927,0.41025,1.2739,0.095067,-1.1031,0.28325
0.44691,0.92573,0.86825,0.43691,-0.49368,0.070316,0.35634,-1.196,-0.10097,-0.11937,0.43586,0.25779,0.033071,-1.0466,0.2688
1.8624,1.0951,1.1573,1.7557,-0.3991,1.9155,1.7858,-1.3175,-2.8302,1.3869,1.7544,2.741,2.0922,-0.77903,2.5102
-1.5338,-0.80759,0.23153,-1.6873,-0.23918,-2.006,-1.5707,-1.0792,-0.18673,-1.8124,-1.6873,-1.1232,-2.008,-0.29605,-1.2212
-0.68747,0.7362,0.49567,-0.79825,-0.26995,-0.91059,-0.68201,-0.83739,-1.0292,-0.91746,-0.79819,-0.81965,-0.93327,-0.50021,-0.85173
1.9357,1.1234,1.132,2.1285,-1.5259,2.128,2.0858,-1.4428,-2.0842,1.3308,2.1294,3.1476,2.3958,-0.91642,3.1006
-0.60531,0.29271,1.1125,-0.49891,0.38313,-0.5707,-0.51174,-1.6407,-0.18478,-0.51609,-0.49922,1.7057,-0.60837,-0.15081,-0.71797
1.2779,0.9149,0.76719,1.1438,-0.6319,1.529,1.204,-0.4882,-0.50914,1.2369,1.1446,-0.48018,1.2928,-0.40529,1.3075
1.8271,1.0168,0.99368,1.5066,-0.95673,2.2075,1.7091,-0.97024,-1.4596,1.6316,1.5066,1.107,2.0766,-0.36969,2.1721
1.7957,1.123,1.1651,1.6784,-1.0785,1.4548,1.8519,-1.0649,-1.2839,1.219,1.6794,0.96334,1.3356,-1.3335,1.7359
0.91116,0.87812,0.69872,0.83775,-0.59582,1.1385,0.90852,-0.4602,-0.16519,0.91793,0.83826,-0.053349,1.0125,-0.42312,0.78967
0.635,-0.44997,0.01361,1.605,-1.056,1.4738,1.1271,-0.40266,-1.9303,2.0022,1.6024,-1.036,1.511,-0.35032,1.202
0.13022,-0.56363,0.62213,0.35926,0.26099,1.4138,0.13587,0.58249,-0.46611,0.34395,0.35986,0.80688,1.933,1.956,0.56304
0.11636,0.35563,1.0961,0.18219,-0.18475,0.34411,0.16955,-1.4025,0.23968,0.72559,0.18235,1.663,0.25335,-0.15123,0.012114
0.274,0.26023,0.46448,0.5547,-0.24946,0.86828,0.48123,0.075043,-0.10679,0.67407,0.55529,0.5074,0.69338,0.019592,0.20732
0.85647,1.0602,0.20021,0.69814,-0.8946,0.57346,0.73968,-0.31097,-0.1947,0.40568,0.69599,-1.0969,0.52628,-0.93439,0.48532
0.78018,1.0681,1.1195,0.72441,-1.2709,0.47302,0.82694,-1.2479,-0.32542,0.24147,0.7251,1.7221,0.43838,-1.2172,0.39553
1.9696,1.1127,1.1583,1.6498,-1.3683,1.4988,1.7083,-0.99406,-1.5336,1.1875,1.6473,0.73842,1.5105,-1.1269,1.992
1.1767,0.88072,0.93974,1.0318,-1.1853,1.5621,1.0331,-1.0673,-0.69316,1.4772,1.0316,0.16948,1.5484,-0.074661,1.2922
0.94227,0.78955,0.77419,0.853,-0.6946,1.1872,0.89559,-0.61351,-0.52336,1.1508,0.85178,0.0045393,1.055,-0.33329,0.77368
-0.26284,0.36134,0.84817,-0.34811,-0.076082,-0.0012947,-0.33455,-1.2257,-0.10757,-0.081415,-0.34786,-0.35745,-0.078124,0.66183,-0.426
0.099906,0.57658,0.97409,0.11731,-0.092007,0.3532,0.166,-0.90262,-0.0013918,0.082983,0.11789,0.63213,0.18718,-0.1254,-0.12764
0.28666,0.31528,0.54864,0.65505,-0.4062,0.6302,0.39463,-0.76397,-0.38992,0.99716,0.65573,1.0485,0.56286,-0.17838,0.37872
-0.34886,0.33942,1.0574,-0.30637,1.2242,-0.32636,-0.30292,-0.89019,0.2821,-0.36877,-0.30642,0.70637,-0.49702,-0.23764,-0.50372
0.1627,0.70229,0.88864,0.12865,0.50301,0.57072,0.083862,-1.0269,0.070274,0.19748,0.12923,1.1099,0.78238,0.51133,0.2454
-0.7582,-0.090116,0.55205,-0.58517,-0.022374,-0.65038,-0.6894,0.50708,-1.1282,-0.52041,-0.58481,-0.23032,-0.71204,0.3516,-0.77592
1.9022,1.0622,0.81944,2.3828,-1.0907,1.843,2.0614,-0.96838,-2.2733,1.2995,2.3835,0.10426,2.3274,-1.167,2.8892
0.4153,0.58747,1.0746,0.43387,0.1066,0.91637,0.33968,-0.66936,-0.17069,0.60038,0.43345,1.796,0.77727,0.4398,0.31246
0.7079,0.96592,1.2042,0.40673,-0.68598,0.49652,0.63324,-1.6183,0.41214,0.38458,0.40701,1.9394,0.40309,-0.86667,0.36323
2.2749,1.056,1.0543,1.8127,-0.9155,2.2927,2.0749,-1.1755,-1.9461,1.5481,1.8112,2.0437,2.0746,-0.74424,2.4549
0.1632,-1.5139,0.33577,1.2756,-1.4802,0.72208,0.75251,-0.89408,-2.2388,3.0911,1.2764,2.1924,0.6707,-0.73969,0.58739
-1.2272,-0.27305,-0.21842,-1.372,0.12752,-1.5822,-1.2708,-0.026305,-0.032709,-1.5301,-1.3718,-1.0621,-1.6514,-0.10241,-1.1058
-0.001911,0.87111,1.1389,-0.012414,-1.1039,-0.37725,-0.10602,-1.3894,-0.38893,-0.0033077,-0.011917,1.8164,-0.47002,-0.9038,-0.31949
-0.2599,-1.2352,-0.64892,0.41185,0.37155,0.059449,0.079211,-0.94096,-0.73075,0.95365,0.41248,1.3953,-0.06925,-0.46867,-0.14849
-0.40305,0.99348,0.081659,-0.78263,-0.6033,-0.80253,-0.58546,-0.11695,-0.23324,-0.96721,-0.7826,-0.7088,-0.88349,-0.5379,-0.74548
0.43753,0.43709,0.94029,0.81699,-1.7256,0.59282,0.59797,-1.1645,-0.79409,1.1516,0.80886,0.38348,0.58352,-0.6551,0.47635
1.2574,0.96037,0.65735,1.0304,-0.9123,1.3655,1.1828,0.057404,-0.4359,1.1599,1.0312,0.20524,1.2179,-0.57588,1.2099
0.39774,1.0715,0.43106,0.13278,-0.92672,-0.03109,0.26661,-0.39308,0.29629,0.14099,0.13335,-0.96916,0.04337,-1.0494,0.079998
0.2942,1.1023,0.767,0.21453,-1.7005,0.041205,0.35399,-0.89972,-0.4589,-0.070318,0.21499,-0.88347,0.052127,-1.0918,-0.058709
-0.063552,0.80923,1.1281,-0.18065,-0.42823,-0.012646,-0.10828,-1.2917,0.29127,-0.29076,-0.18131,0.84651,-0.075407,-0.11612,-0.38185
0.7528,0.96335,0.99585,0.91453,0.14008,1.0601,0.90117,-0.52384,-0.06173,0.62127,0.91528,1.2124,1.1738,-0.51818,0.80645
0.49158,0.86747,0.76538,0.38133,-0.63013,0.13013,0.51829,-1.0734,0.45909,0.39619,0.3819,0.68024,0.079116,-1.2382,0.27152
0.44323,0.69993,0.97549,0.37071,-0.77403,0.7849,0.37606,-0.33192,0.064515,0.53241,0.37126,1.9643,0.56972,0.12533,0.22816
1.9483,1.0855,0.47578,1.8262,-0.92691,1.5576,2.0134,-0.2757,-1.605,1.4485,1.8196,-0.99233,1.4645,-1.3974,1.9707
1.3963,0.86688,1.1992,1.1932,-0.33135,1.8968,1.3357,-1.5422,-0.9337,1.3828,1.1926,3.3859,1.6907,-0.16726,1.5638
-0.32418,1.0239,0.26915,-0.42944,-0.83574,-0.8128,-0.27993,-0.46516,0.44053,-0.79736,-0.42901,-0.88018,-0.85831,-1.4625,-0.66334
0.1965,0.97021,1.06,0.41111,0.48227,0.28667,0.26552,-1.1873,0.11818,0.14601,0.41152,2.0872,0.47604,-0.48241,0.18384
-0.43184,0.80406,0.64313,-0.60761,-0.74061,-0.59674,-0.48316,-0.094781,-1.4474,-0.82201,-0.60835,-0.76421,-0.59322,-0.32514,-0.67308
1.1721,0.87626,1.0802,0.89759,-0.99692,1.2731,1.0018,-0.81154,-0.52375,1.4331,0.89833,2.5485,1.0193,-0.40215,0.96701
0.45435,0.92597,1.0667,0.36999,-0.56608,0.51891,0.3091,-0.74152,-0.016018,0.57433,0.37055,1.0922,0.77104,-0.17321,0.37904
-0.18313,0.30308,1.0052,-0.21486,0.39788,0.26556,-0.16647,-1.2217,0.26647,-0.048543,-0.21444,0.1614,0.13363,0.67488,-0.31643
0.25085,1.022,0.60583,0.14566,-0.93294,-0.03744,0.091095,-0.73339,-0.87332,0.056739,0.14576,-0.85196,-0.013233,-0.68483,0.070667
1.2318,1.0918,1.0325,0.97344,-1.3651,0.70578,1.1358,-1.1515,-0.89601,0.74852,0.9742,0.93531,0.61037,-1.3406,0.99389
0.15936,1.1252,0.75063,0.010884,-0.87844,-0.4496,0.15985,-0.8072,0.65055,-0.26939,0.011336,-0.16319,-0.46766,-1.6096,-0.27365
0.32122,0.45493,0.42545,0.30689,0.2493,0.73449,0.25587,-0.26334,-0.32252,0.6326,0.30745,0.14951,0.57674,0.33882,0.30336
1.1779,0.87406,1.0488,0.94828,-0.43229,1.3966,1.0154,-1.2686,-0.30757,0.99263,0.94809,1.6845,1.179,-0.26169,1.0241
0.92714,0.95756,0.72453,0.98516,-0.98686,1.006,1.0356,-0.56105,-0.4194,0.65811,0.98593,-0.068468,0.88494,-0.80968,0.74528
2.2916,1.1336,1.1268,2.1867,-1.261,1.6511,2.2184,-1.2958,-1.8367,1.276,2.1877,0.6505,1.6411,-1.5062,2.7568
0.88988,0.94498,0.68448,0.70888,-0.95538,1.0367,0.81538,0.27295,-0.13071,0.91856,0.70958,-0.34795,0.83002,-0.39929,0.69071
1.161,0.77276,1.0276,1.1617,-0.061796,1.7603,1.2322,-0.87685,-0.83596,1.0656,1.1611,1.3023,1.744,-0.16479,1.3826
0.52191,0.76707,0.96254,0.77245,-0.98044,0.55295,0.42717,-1.2667,-0.31421,0.56403,0.77238,-0.027464,0.69001,-0.37819,0.5797
0.059846,1.0929,-0.015813,0.11805,-0.84662,-0.16937,0.13,-0.070715,0.040135,-0.17792,0.11859,-1.2171,-0.068257,-1.0238,-0.13803
1.7683,1.0879,0.93184,1.5711,-1.1501,1.5201,1.7151,-0.71617,-0.96617,1.2767,1.5711,0.065412,1.615,-1.1122,1.7282
1.1138,1.0917,0.050421,0.97474,-1.2459,0.5332,0.99714,-0.52313,-1.555,0.46985,0.9755,-1.1776,0.48618,-1.3791,0.78033
-0.20479,1.0716,0.24221,-0.38371,-0.79074,-0.59356,-0.25362,-0.30043,0.2407,-0.78374,-0.38326,-0.89686,-0.68508,-1.0128,-0.61327
-0.14127,1.0506,-0.15886,-0.47101,-0.65937,-0.53966,-0.23834,0.025083,0.57266,-0.60821,-0.47112,-1.2351,-0.60403,-0.92779,-0.54434
0.81411,1.154,0.89742,0.52884,-1.3821,0.26655,0.82486,-1.2571,-0.50296,0.29477,0.5292,-0.31045,0.093236,-1.5061,0.26914
1.2423,0.81189,0.72939,1.2901,-0.76487,1.5277,1.2461,-1.1175,-0.96474,1.4018,1.2907,-0.14224,1.352,-0.47275,1.3345
1.8851,1.0995,1.1025,1.5313,-1.2142,1.2674,1.8767,-1.1784,-1.1574,1.5871,1.5307,0.32715,1.2737,-1.5514,1.8176
1.2344,0.96262,0.9981,0.98104,-0.8402,1.6992,1.0667,-1.0044,-0.50727,1.0149,0.98125,1.7663,1.6655,0.044134,1.3374
0.45929,0.74507,0.49539,0.49519,-0.15226,0.84686,0.61644,-0.26968,-0.24454,0.72739,0.49574,-0.50034,0.71185,-0.30038,0.30305
-0.07623,1.0837,0.31528,-0.026408,-0.99355,-0.58629,0.029185,-0.95854,1.2047,-0.29853,-0.025861,-0.82635,-0.58403,-1.6302,-0.4032
1.1831,0.88898,0.82166,0.99711,-0.91495,1.2328,1.0638,-0.47854,-0.59673,1.0931,0.99776,-0.22752,1.2531,-0.55761,1.2198
-0.91698,0.7437,0.68533,-1.0205,-1.016,-1.3153,-0.90046,-0.70245,-1.702,-1.0137,-1.0202,-0.95888,-1.336,-1.0004,-1.0166
0.053762,0.71172,0.9813,0.30385,-0.89862,-0.016651,0.07077,-1.1853,-1.0504,-0.0097353,0.30432,0.26986,0.031613,-0.59643,-0.03003
0.34852,0.90887,0.83765,0.3698,-0.12459,0.20284,0.39155,-1.3298,0.35613,0.30446,0.36919,0.22658,0.26518,-0.88966,0.18159
1.1569,0.93775,0.7678,0.94214,0.17347,1.3679,1.1394,-0.94635,-0.58299,0.91963,0.94273,-0.55407,1.1106,-0.50484,0.99824
0.34982,0.47491,0.47503,0.63151,-0.46947,0.4606,0.50701,0.10962,-0.3245,0.68935,0.63025,0.1173,0.41754,-0.69012,0.27793
1.6228,1.059,1.1627,1.5788,-0.71294,1.7808,1.5855,-1.4392,-1.6589,1.6844,1.5796,1.7594,1.8364,-0.66614,2.217
0.50085,0.99849,1.1582,0.66608,-1.1756,0.2974,0.31578,-1.3755,-0.3776,0.020568,0.6666,2.1149,0.47302,-0.57362,0.48023
0.78676,0.88482,0.71894,1.0099,-1.0268,0.92046,0.94948,-1.1561,-1.5506,0.87194,1.0097,0.60311,0.76876,-0.78875,0.57248
0.21435,0.75953,0.90389,0.084157,0.16865,0.17853,0.14815,-1.1244,0.38036,0.26008,0.084255,0.13801,0.064916,-0.40829,-0.11631
1.1959,0.96161,0.77136,1.3914,-0.62936,1.4254,1.4896,-0.19349,-0.43183,1.1179,1.3912,0.10484,1.4116,-0.93868,1.1401
1.9687,1.0784,0.42862,1.6992,-1.1309,1.6432,1.9461,-0.53535,-1.794,1.4416,1.7,-0.91454,1.7003,-1.2425,2.0085
0.63,0.63063,0.48357,0.6561,-1.3441,1.0231,0.62753,-0.32085,-0.65069,1.2,0.65536,-0.12162,0.98185,-0.053816,0.5447
-0.25372,-0.17058,0.25789,0.12777,0.015182,0.26606,-0.083635,0.034331,-0.7468,0.28921,0.12833,-0.40579,0.18548,0.40318,-0.25232
0.93789,0.87766,0.69311,0.98059,-0.98336,0.85498,1.0057,-0.30783,-0.7052,1.0687,0.98126,0.15758,0.84015,-0.96369,0.89573
0.28214,-2.2979,-1.0484,1.5295,-1.0135,0.81719,1.0124,-0.81219,-2.354,2.8931,1.5297,1.6186,0.60676,-1.0237,0.68563
0.77588,0.95806,0.51543,0.60228,-0.73354,0.7483,0.70244,-0.5276,-0.44434,0.56,0.60295,-0.25587,0.63167,-0.6125,0.50193
0.76555,1.0518,-0.0057193,0.5541,-0.74747,0.57407,0.72289,-0.14055,-0.61045,0.2819,0.55462,-0.91783,0.57532,-0.90534,0.4349
0.0058375,0.48549,0.62942,-0.016534,0.016074,0.1686,0.043583,-0.53064,0.41056,0.37068,-0.015987,0.38044,0.13437,-0.16376,-0.16361
0.42877,-0.25078,0.053108,1.146,-0.97456,0.9719,0.82095,-0.62547,-1.893,2.5784,1.1467,0.21759,1.1513,-0.50123,0.79176
0.60286,0.60068,0.76592,0.46645,-0.27031,1.2654,0.34411,-0.020086,-0.71818,0.77702,0.46689,-0.082503,1.1739,1.0273,0.61828
0.25345,-1.8245,-0.42784,1.6179,-1.2292,0.64595,1.0832,-0.931,-2.4649,2.4871,1.6185,1.0425,0.70282,-1.3474,0.72205
-0.077321,1.0579,0.4274,-0.19136,-0.76098,-0.4832,-0.079621,-0.96026,-0.68892,-0.51983,-0.19093,-1.0216,-0.44787,-1.1916,-0.4456
0.39598,0.80425,0.92329,0.33302,-0.3352,0.4851,0.37031,-0.74063,0.033105,0.4796,0.33294,0.29723,0.40568,-0.36938,0.14954
1.5894,1.1215,0.68276,1.2454,-1.2405,1.5956,1.3459,-0.39518,-1.7412,0.91284,1.2461,-0.90405,1.9231,-0.54152,1.9438
1.28,1.1143,1.1614,1.0939,-0.90496,0.86258,1.0778,-1.6184,-1.0175,0.76068,1.094,0.95106,0.9471,-1.0596,1.4381
0.1489,0.63656,0.98193,0.097898,-0.22105,0.11773,0.029113,-0.67073,0.50174,0.42806,0.09757,0.53459,-0.035326,-0.22652,-0.083001
1.7027,1.0356,0.78454,1.8218,-1.197,1.4391,1.6344,-0.1902,-1.5858,1.2364,1.8227,-0.59967,1.4624,-1.1039,2.1936
0.14124,0.73172,0.77498,0.28376,-0.27234,0.14763,0.10136,-0.69998,-0.28333,-0.01937,0.28436,-0.24586,0.24184,-0.35287,0.01562
2.0286,1.1097,1.0296,1.611,-1.1839,1.4191,1.8975,-1.1497,-1.5081,1.1924,1.6118,0.22609,1.3478,-1.4179,1.9619
0.22632,0.77762,0.92423,0.29353,-0.84036,0.31986,0.30672,-1.1843,-0.81452,0.29591,0.2938,-0.89259,0.22153,-0.51492,-0.056983
0.2884,0.90368,1.033,0.3674,0.043748,0.55896,0.35713,-0.55832,0.23782,0.27718,0.36793,1.7543,0.62166,-0.21443,0.26682
0.098366,-0.033637,0.74462,1.1918,-1.4012,0.32614,0.47045,-0.51234,-0.90789,0.98435,1.1926,1.2823,0.71853,-0.83708,0.73827
0.25814,-1.8411,-0.36505,1.5167,-1.1548,1.0682,0.86698,-0.69575,-2.3573,2.9855,1.5166,1.7848,0.92254,-0.4474,0.78552
1.1022,1.0736,0.75563,1.6824,-1.0418,0.99818,1.1618,-0.71754,-1.5854,0.77528,1.6832,-0.29361,1.5037,-1.0061,1.8072
2.0259,1.1438,1.1039,1.7559,-1.1184,1.9685,1.9564,-1.3966,-1.6957,1.4657,1.7543,0.94994,1.7943,-0.92769,2.0636
0.14695,0.44167,0.63036,0.19601,0.56569,0.54191,0.12809,-0.51609,-0.47394,0.4474,0.19494,-0.94299,0.36125,0.32968,0.022666
0.8174,1.0297,0.59315,0.86435,-0.72322,0.48573,0.96568,-0.11862,-0.38134,0.43944,0.86496,-0.076366,0.61802,-1.3995,0.61573
1.2193,1.0405,0.8476,1.0589,-1.0802,0.86513,1.3233,-0.55792,-0.2877,1.1118,1.0594,0.22601,0.82782,-1.3824,0.89782
0.40311,1.0034,0.79784,0.38494,-0.66243,0.010375,0.46124,-0.79403,-0.0031653,0.28203,0.38544,-0.54482,0.1681,-1.3347,0.19845
0.69371,0.42374,0.87793,1.0518,-0.75323,1.2406,0.78057,-0.43808,-0.69723,1.6294,1.0525,0.80936,1.0886,-0.042116,0.79541
0.5592,0.94805,-0.44882,0.56377,-0.46179,0.59286,0.57305,-0.17554,-0.10359,0.44831,0.56375,-1.3206,0.69244,-0.60793,0.45848
-0.065133,0.8118,0.34717,-0.27454,-0.41792,-0.1351,-0.12742,-0.022755,-0.27939,-0.16121,-0.27406,0.10976,-0.18405,-0.32548,-0.38179
1.9626,1.0915,0.34723,1.6857,-0.95622,1.6754,2.0357,-0.39394,-1.1174,1.4935,1.6827,-1.2067,1.4389,-1.3043,1.8048
0.85517,1.1196,0.44487,0.47279,-1.1926,0.32599,0.72056,-0.68377,-0.10981,0.36138,0.47339,-1.1011,0.29226,-1.2663,0.34341
0.38189,1.0197,0.88048,0.12583,-0.35598,0.038849,0.26308,-0.88822,-0.13329,0.15874,0.12637,-0.51025,-0.0084627,-0.91799,0.044626
0.94274,1.0966,0.72472,0.67461,-1.1737,0.45685,0.78885,-0.70051,-0.45959,0.67408,0.67363,-0.973,0.56389,-1.182,0.72546
0.51219,0.49166,0.64511,0.85222,-0.5455,0.99274,0.61156,-0.44574,-0.37514,1.0698,0.85159,-0.17151,0.91218,-0.066795,0.55306
-0.027806,-0.38602,0.74668,0.28941,-0.27756,0.70636,0.076213,-0.19569,-0.73994,0.75526,0.28995,-0.83825,0.63413,0.79789,0.052305
1.0431,0.92477,0.65535,1.4476,-0.91685,1.3396,1.1655,-0.09506,-0.74126,1.4687,1.4471,-0.46695,1.5635,-0.58173,1.1163
-0.29294,-0.47775,-0.81059,0.38131,-0.78198,0.16205,0.023798,-0.11359,-1.5284,1.1319,0.3818,-0.47662,0.24487,-0.12386,-0.16165
1.2166,0.96953,1.0509,1.0607,-0.49931,1.3735,1.2375,-1.068,-0.90086,1.234,1.0612,1.9744,1.5006,-0.64916,1.4949
0.72205,1.0275,1.1284,0.68891,-1.1587,0.39187,0.69456,-1.3454,-0.24898,0.54819,0.68853,2.0781,0.39447,-1.1277,0.48255
2.006,1.0874,0.073207,1.7166,-1.5223,1.7372,1.8729,0.021993,-2.0353,1.4752,1.7175,-1.1262,1.6656,-1.0668,2.0927
1.1385,0.86308,1.0359,1.3623,-0.56275,1.4221,1.43,-1.2722,-1.1624,1.1845,1.3629,1.7078,1.411,-0.86374,1.2527
0.39752,0.80388,0.569,0.32329,-0.21586,0.38563,0.40334,-0.40161,0.16496,0.37935,0.32388,-1.1031,0.35928,-0.60677,0.18872
0.49168,0.61761,1.1192,0.67794,-0.45488,0.84251,0.59626,-1.2668,0.14894,0.7085,0.67853,2.7378,0.68839,-0.26647,0.35015
0.45174,0.87149,1.154,0.35552,-0.72083,0.30408,0.335,-1.6788,-0.55399,0.32228,0.3545,0.70926,0.42036,-0.60297,0.39019
2.0787,1.1162,0.99216,1.6735,-1.4271,1.6332,1.9946,-0.73225,-2.0739,1.6284,1.6728,-0.24082,1.5673,-1.3036,2.1321
-0.07184,0.9407,1.1763,-0.19726,-0.57391,-0.47055,-0.056614,-1.4159,-0.089764,-0.5449,-0.19675,1.3553,-0.57449,-1.2168,-0.40614
-0.16919,0.79798,0.63329,-0.22782,-0.99773,-0.30095,-0.11919,-0.89651,1.0598,-0.24446,-0.22883,-0.97209,-0.43507,-0.70649,-0.52214
-0.089964,-1.2983,-0.28808,0.84764,0.78449,0.6889,0.29208,0.081898,-1.9913,1.1847,0.84696,0.8407,0.76303,0.16531,0.28729
0.68382,1.1044,1.1457,0.72521,-1.4191,0.18246,0.63898,-1.4421,-0.50555,0.19037,0.72591,1.5266,0.27636,-1.3534,0.51874
1.3173,1.0422,0.91451,1.3326,-1.0972,1.2975,1.3565,-1.3794,-0.78511,0.86214,1.3332,0.021773,1.1882,-0.91043,1.1824
0.93216,1.0468,-0.15269,1.0404,-1.102,0.67585,0.80353,0.14003,-0.87349,0.47662,1.0411,-1.1818,0.75484,-0.89228,0.78986
0.14801,0.47303,-0.16715,0.81417,-0.39219,0.66342,0.31468,-0.093255,-0.90137,0.634,0.81425,-0.88356,0.93533,0.065066,0.46399
-0.41114,-0.57685,1.1282,0.19673,-0.67319,0.020186,-0.15101,-1.047,-0.62329,-0.059258,0.19659,2.7496,-0.060076,0.082958,-0.44174
1.7016,1.0778,0.31493,1.3748,-1.2028,1.7508,1.5993,-0.18969,-1.8955,1.4387,1.3705,-0.92736,1.7189,-0.71765,1.8173
-0.024422,0.25455,0.42023,0.42519,-0.72287,0.30027,0.14612,-0.64004,-0.17644,0.79012,0.42555,-0.10931,0.3612,-0.17447,0.03154
0.36589,0.37222,0.38489,0.56273,-0.19001,0.90587,0.44091,-0.081387,-0.72498,0.98013,0.5623,0.2774,0.9038,0.17347,0.40317
1.2512,0.94371,1.1368,1.2612,-0.6963,1.7005,1.2491,-1.5334,-0.50628,1.3751,1.258,1.9281,1.6731,-0.26571,1.2951
0.2198,0.44339,0.56223,0.33973,-0.4215,0.62016,0.316,-0.034075,0.13448,0.4689,0.33982,-0.079644,0.36999,-0.013326,0.066542
1.1249,0.96904,0.88162,1.2438,-0.4719,1.2533,1.2735,-0.45485,-0.62619,1.175,1.2443,0.93665,1.2213,-0.8484,1.3622
0.79223,0.93161,1.1196,0.49997,-1.0254,0.64613,0.72389,-0.89165,-0.12058,1.0367,0.50051,2.0766,0.80089,-0.80117,0.6326
-0.40042,0.53727,1.0851,-0.39383,-0.1692,-0.33653,-0.35876,-1.7616,0.54762,-0.27915,-0.39368,1.7932,-0.42814,-0.079348,-0.60456
1.2085,0.93219,0.56919,1.1717,-1.154,1.21,1.3129,-0.80353,-0.53352,1.517,1.1724,-0.60122,1.1697,-0.95546,1.1018
0.1508,-1.511,-0.31652,1.5633,-1.5816,0.53883,0.86017,-0.9473,-2.63,2.629,1.5639,0.22731,0.56829,-1.1748,0.57689
0.43786,0.37324,0.48627,0.25884,-0.45246,1.0696,0.1884,-0.25596,-0.32001,0.86687,0.2573,-0.4908,0.94786,1.139,0.41156
1.1413,0.88585,1.1497,0.98416,-0.68147,1.539,0.96871,-1.3638,-0.95089,1.3421,0.98484,2.1965,1.6382,0.012372,1.4846
0.25695,0.48775,0.57998,0.50818,-0.48948,0.49916,0.32644,-0.91365,-0.088737,0.8007,0.50866,0.35243,0.47408,-0.24744,0.21973
2.1841,1.0928,0.97527,1.7495,-1.1575,1.7862,1.8056,-0.85668,-1.5975,1.7167,1.7503,-0.29756,1.8071,-0.93798,2.6195
1.7145,0.9817,0.83676,1.8101,-1.0555,2.1757,1.8555,-0.65437,-2.0634,1.5227,1.8109,0.42365,2.1322,-0.59603,2.2314
0.55336,0.83912,0.010478,1.1484,-0.84388,0.44623,0.63805,-0.56586,-0.24078,0.16507,1.1484,-1.4601,0.63234,-0.95149,0.72796
-0.39355,0.57883,0.75462,-0.39461,0.1662,-0.40685,-0.3985,-0.3826,-0.80804,-0.41362,-0.39419,-0.17372,-0.3914,-0.12076,-0.55188
0.52042,0.88754,0.50441,0.43538,-1.0102,0.67958,0.43613,-0.88353,0.28158,0.775,0.43538,-0.75706,0.6499,-0.18837,0.38811
0.30862,1.1173,0.17021,0.0091634,-1.1493,-0.19168,0.13893,-0.051564,-0.4863,-0.20178,0.0094177,-1.2215,-0.24549,-1.0847,-0.17484
1.2152,1.1003,0.56537,0.63809,-1.042,0.71592,0.88826,-0.27097,-0.75801,0.56749,0.63877,-0.95469,0.56246,-0.97182,0.6698
0.99246,1.0807,1.2058,0.67661,-1.0301,0.71979,0.89157,-1.5534,0.25871,0.47319,0.67512,2.221,0.59108,-0.97164,0.53539
0.36874,0.63873,0.71232,0.40957,-0.093151,0.34586,0.41454,-0.60893,0.22308,0.90133,0.40988,0.42065,0.29906,-0.69578,0.25183
0.71154,0.54099,0.50059,1.3122,-0.79537,1.104,0.97055,-0.59187,-0.95808,1.761,1.3127,0.68968,0.90454,-0.57553,0.8357
1.4374,0.81886,0.53025,1.5221,-1.1407,1.8584,1.5584,-0.76911,-1.2384,2.0026,1.5228,0.51378,1.6894,-0.54296,1.7045
0.55923,0.83374,1.0625,0.6981,-0.76833,0.55553,0.54554,-1.5363,-0.4263,0.69415,0.69868,0.47718,0.516,-0.61365,0.58793
0.22823,0.90403,0.99686,0.15138,-0.027835,0.14744,0.13543,-0.93451,0.40087,-0.14168,0.1515,0.29519,0.18264,-0.43637,0.009986
-0.039133,0.075914,0.23038,0.31477,0.69065,0.58351,0.13641,-0.41771,-0.048986,0.59105,0.31538,-0.92408,0.51625,0.38521,0.06543
0.91838,1.0702,0.15095,0.60573,-0.47171,0.63124,0.8798,0.21393,-0.55624,0.45868,0.60631,-0.95832,0.53805,-1.076,0.45238
0.22656,0.96033,0.72135,0.1415,-1.0311,-0.1209,0.19655,-1.0399,0.50967,-0.042143,0.14196,-0.73934,-0.062966,-1.0714,-0.1079
0.044054,0.61365,0.82501,0.27388,0.0011241,0.45175,0.19117,-0.9017,0.40583,-0.083786,0.274,0.33226,0.33306,-0.0065548,-0.14678
0.98439,0.79979,0.44774,0.99814,-0.93903,1.1263,1.0401,-0.6027,-0.82948,1.4469,0.99693,-0.093801,1.0811,-0.65884,0.95096
-0.028315,1.0137,0.39492,-0.099145,-0.74049,-0.61707,-0.036588,-0.69822,0.87036,-0.52916,-0.098827,-1.2772,-0.67016,-1.5632,-0.44433
1.4562,1.1408,0.30715,1.1369,-1.3247,0.73569,1.382,-0.017224,-1.3486,0.93657,1.1377,-0.96977,0.57255,-1.6054,1.0477
0.63713,1.0738,-0.28063,0.32441,-0.86835,0.36861,0.58228,0.82761,-0.51649,0.16535,0.32288,-1.2307,0.26656,-0.97357,0.11735
0.41475,1.1004,0.37135,0.33079,-0.88992,0.021755,0.45459,-0.50936,-0.41661,-0.18732,0.33131,-1.1508,-0.086292,-1.3047,-0.0085612
0.6658,0.95059,0.90884,0.44316,-0.38267,0.68281,0.46121,-0.84138,0.18996,0.74585,0.44378,1.5086,0.71081,-0.23765,0.48699
0.88173,1.1274,-0.1525,0.92656,-1.0169,0.26938,0.92521,-0.08296,-0.11099,0.3444,0.92731,-1.1395,0.37457,-1.6384,0.56695
1.279,0.95162,0.55574,1.8079,-0.60951,1.2239,1.4745,-0.3968,-0.95169,0.75845,1.8082,-0.53324,1.3069,-1.1494,1.4033
0.49394,0.6976,0.42988,0.53589,0.00032343,0.58083,0.6044,-0.34546,-0.66306,0.75133,0.53648,-0.45212,0.50581,-0.68555,0.36274
-0.86259,-0.81497,-0.23765,-0.65506,-0.74278,-0.88986,-0.77164,0.9641,-1.2261,-0.20459,-0.65465,0.18921,-0.95025,-0.049492,-0.84437
2.125,1.1343,1.1852,1.9313,-1.3654,1.4822,2.0022,-1.4295,-1.7923,1.3638,1.9315,1.2604,1.4906,-1.4607,2.208
-0.12552,0.82503,0.38157,-0.066032,-0.80122,-0.31439,-0.09794,-0.6563,-0.71757,0.0068051,-0.066396,-0.79772,-0.11529,-0.78953,-0.24366
1.9262,1.1144,1.1592,1.9101,-1.3149,1.7025,2.0471,-1.2322,-1.4041,1.2269,1.9103,2.7995,1.6282,-1.2894,2.0724
0.82316,0.62883,0.84602,0.8339,-0.43916,1.048,0.77177,-0.66974,-0.53385,1.2276,0.83451,0.2176,0.84166,-0.30254,0.7534
-0.69709,0.98041,-0.0067542,-0.85435,-0.37069,-1.2214,-0.71702,0.37032,0.59967,-1.1583,-0.85398,-1.1023,-1.2648,-1.3636,-0.89598
0.41551,0.88344,-0.23244,0.21704,-0.36844,0.5586,0.4352,0.6785,0.048928,0.3248,0.21645,-1.3391,0.46141,-0.38587,0.13146
1.9132,1.1486,1.0981,1.3812,-1.4865,1.3281,1.495,-1.1254,-1.6982,0.91368,1.3805,1.1589,1.3733,-1.0563,1.8343
-1.1205,0.086837,0.67166,-1.1,-0.4682,-1.4366,-1.116,-1.082,-0.96186,-1.2275,-1.0999,-0.58851,-1.5018,-0.4137,-1.0733
0.11338,0.51543,0.43794,0.19686,-0.81248,0.48223,0.15825,-0.14065,-0.43659,0.70073,0.19744,0.33428,0.44869,0.13537,-0.004219
0.98834,0.85571,1.1058,0.73104,-0.88469,1.174,0.71334,-1.2066,-0.30937,1.1244,0.73167,2.5264,0.95482,-0.0042778,0.80656
1.0204,0.92184,1.0855,1.434,-1.0437,0.78468,1.2519,-0.99557,-0.99512,1.0615,1.4344,0.22757,0.74819,-1.3913,1.1385
0.90862,0.91959,0.81467,0.62732,-0.59926,1.1195,0.72672,-0.69497,-0.63269,0.85522,0.62713,0.32738,0.97043,-0.11142,0.78837
0.8845,1.0487,0.54363,0.71739,-1.496,0.83844,0.81925,-0.45951,-1.3418,0.82786,0.71786,-0.75289,0.74419,-0.68742,0.67906
0.68793,-0.42271,0.85039,1.2754,-0.013332,2.4363,0.78597,-0.87221,-1.7694,1.2535,1.2758,2.8645,2.4087,1.6635,1.4135
0.11615,1.0201,0.1695,-0.058002,-0.81157,-0.073044,0.07791,-0.29901,1.0205,-0.16116,-0.057507,-0.65209,0.12333,-0.72316,-0.17345
-0.56482,1.0003,0.28566,-0.72001,-0.58673,-1.0502,-0.59238,0.022005,0.70232,-0.91772,-0.72079,-0.77333,-1.1254,-1.2383,-0.73821
1.1981,0.79729,0.94379,1.2496,-0.32733,1.7323,1.2084,-0.60295,-1.263,1.2947,1.2499,0.35719,1.5397,-0.15986,1.3052
0.35935,-0.22484,0.49564,0.69808,-0.9309,1.4222,0.47681,-0.16145,-1.337,1.3095,0.69784,-0.18573,1.4869,0.92723,0.67513
-0.11269,0.087057,0.8261,-0.0084917,-0.26059,0.49983,0.0048371,-0.88122,0.68569,0.23823,-0.0080837,-0.041859,0.42492,0.60973,-0.20361
0.50422,0.82491,-0.008235,0.7428,-0.49715,0.32735,0.532,-0.17826,-0.17103,0.20961,0.74348,-1.2039,0.54426,-0.94886,0.56548
0.065277,0.75948,1.1378,0.10319,-0.65871,0.047696,0.20047,-1.8935,0.24661,-0.016305,0.10271,-0.25165,-0.067214,-0.77039,-0.26676
1.7075,1.0763,0.85669,1.7685,-1.3821,1.557,1.7092,-0.76903,-1.6463,1.5166,1.7692,-0.02301,1.6033,-1.0657,2.3654
0.75933,1.0593,1.1305,0.89879,-1.0439,0.44191,0.82966,-1.3046,-0.4669,0.29274,0.89926,1.8624,0.69342,-1.2652,0.86056
-0.59376,0.89718,0.93749,-0.78234,-0.93494,-0.93234,-0.66068,-0.854,-0.9118,-0.88099,-0.78252,-0.021901,-1.0132,-0.64997,-0.84069
-0.21928,-0.090719,0.31867,0.46508,0.00041997,-0.013938,0.075742,-0.8177,-0.26372,0.89002,0.46539,-1.0107,-0.037128,-0.60304,-0.096012
0.27907,-0.8472,-0.38341,1.4918,-1.3151,0.80716,0.96811,-0.37088,-1.9391,2.402,1.4923,-0.60541,0.86261,-0.97061,0.68085
-0.10572,-0.60854,0.67649,0.21643,0.26234,0.40103,-0.061812,-0.25388,-0.064512,0.28022,0.21697,0.37151,0.52987,0.61765,0.036408
1.4542,1.0896,0.9905,1.3986,-1.2426,1.0489,1.5077,-1.3379,-1.6206,1.1162,1.3982,-0.005468,1.0548,-1.3885,1.4217
1.8899,1.1,1.0423,1.6275,-1.3354,1.4938,1.7819,-1.0597,-1.2396,1.2449,1.6284,0.4563,1.5616,-1.2164,2.0469
0.46197,0.77725,0.77131,0.48185,-0.33682,0.59495,0.45958,-0.86082,0.45407,0.46865,0.48209,-0.2139,0.54993,-0.37757,0.20644
0.48343,1.1281,0.03558,0.24109,-1.1694,-0.11839,0.38581,-0.16113,-0.41468,-0.068254,0.24129,-1.0607,-0.24037,-1.4197,0.062106
0.17919,0.65155,0.99484,0.10398,-0.1819,0.41425,0.16863,-1.3144,-0.090686,0.40743,0.10395,1.0498,0.28839,-0.018437,-0.030861
-0.25518,0.81456,0.92276,-0.32807,-0.72777,-0.53705,-0.39942,-1.1989,-0.96778,-0.57415,-0.32761,-0.043996,-0.47436,-0.45048,-0.35903
0.72701,0.93986,1.0264,0.69506,-0.1034,0.77741,0.72752,-0.91599,-0.16942,0.70641,0.69576,1.6171,0.84604,-0.61484,0.65116
0.2484,0.89172,0.79703,0.28865,-0.54059,-0.10754,0.22903,-1.2041,-0.55231,0.024203,0.28905,-0.45854,-0.030849,-1.1121,0.020997
0.23663,0.81538,0.95382,0.39339,0.046448,0.7312,0.28769,-0.28263,0.33385,0.34891,0.39234,1.3339,1.0322,0.25075,0.32201
1.5315,0.9995,0.93817,1.2179,-0.84215,1.7847,1.4293,-0.6709,-0.98547,1.1223,1.2186,0.70468,1.6639,-0.44243,1.6104
1.7123,1.059,0.9629,1.5648,-1.0489,1.6685,1.6555,-1.0418,-0.86412,1.2625,1.5652,0.56348,1.587,-0.88,1.8425
-0.34161,0.050367,0.78377,-0.29599,0.34588,-0.06008,-0.35745,-0.78933,-0.24586,-0.028606,-0.29552,0.31106,-0.1872,0.60404,-0.47557
-0.50008,-0.42758,-0.61674,-0.38508,-0.21719,-0.37006,-0.40305,-0.023857,0.46062,-0.063914,-0.38477,-0.50696,-0.40376,-0.01072,-0.56671
1.3823,1.1061,-0.097234,1.4707,-1.0703,1.0499,1.4843,0.23716,-0.88693,0.80884,1.4715,-1.3287,1.1463,-1.36,1.4991
0.16306,0.31154,0.54858,0.31773,-0.27495,0.58276,0.20353,-0.043974,-0.15695,0.62403,0.31824,0.71388,0.44748,0.20193,0.096737
0.65203,0.73802,0.8146,0.58692,-0.36064,0.93601,0.68127,-0.62022,0.11244,0.90832,0.58731,0.049636,0.82447,-0.29355,0.54072
0.30072,0.47606,0.66686,0.47185,-0.4001,0.5925,0.35485,-0.49406,0.31778,0.84451,0.47217,0.28031,0.4816,-0.15201,0.24613
1.1739,0.98482,0.53416,1.0372,-0.71715,1.2216,1.2939,0.092828,-0.77972,1.1278,1.0347,-0.35147,1.1787,-0.91543,0.98102
0.85243,0.86177,1.1243,0.67872,-0.75195,0.86425,0.81242,-0.94156,-0.22404,0.94759,0.67927,3.7902,0.65597,-0.63904,0.57209
-0.12554,1.0457,0.1404,-0.36004,-0.7231,-0.64483,-0.19998,-0.8797,0.7061,-0.4989,-0.36056,-0.84867,-0.71957,-1.2645,-0.53189
-0.49684,0.52384,1.0742,-0.60625,-0.33539,-0.5393,-0.50889,-1.3345,0.52538,-0.30747,-0.60617,0.83696,-0.5702,-0.074822,-0.67384
0.044579,0.1568,0.44758,0.31144,0.39033,0.71389,0.18521,0.33424,-0.62106,0.62478,0.31198,-0.16008,0.61437,0.49241,0.018626
0.56285,1.0898,0.94432,1.0162,-0.59264,0.15841,0.82009,-1.3039,0.15368,0.12012,1.0169,0.44461,0.28206,-1.6527,0.23264
0.46092,0.64796,0.39935,0.36984,-0.82764,0.77414,0.35762,0.099163,-0.19503,0.86221,0.37036,-0.98472,0.66869,0.15147,0.38108
0.51187,1.0183,0.89506,0.50724,-1.1364,0.053552,0.38949,-1.0246,0.2455,0.24699,0.50654,0.013612,0.078181,-1.1368,0.31807
0.044245,-0.88314,0.16336,0.77778,-1.0697,0.6006,0.36134,-0.74693,-0.94363,2.2213,0.7781,-0.37359,0.54335,-0.15306,0.35049
1.3553,1.0751,1.0277,1.0701,-1.5576,1.2124,1.2557,-1.1912,-0.72811,1.2164,1.0702,0.43188,1.2849,-0.87298,1.3357
0.015366,0.57145,0.80532,-0.066817,0.23096,0.28339,0.01497,-0.96471,0.51868,0.018278,-0.066583,0.18162,0.22285,0.14374,-0.22054
0.56671,0.86135,0.99971,0.6605,-0.51016,0.24515,0.50703,-1.0633,-0.13435,0.40922,0.66048,0.017645,0.27478,-1.035,0.52657
0.35045,1.0578,0.93463,0.16647,-0.64776,0.06431,0.29338,-1.2461,-0.89315,-0.079459,0.16681,0.14373,-0.0083437,-0.93421,-0.021123
0.47872,-0.902,0.33665,1.4552,-0.79883,1.6184,0.88665,-1.3286,-1.9988,2.3732,1.4557,2.2744,1.5894,0.27947,1.0434
0.73142,1.0969,1.0093,0.47737,-1.0234,0.54202,0.62899,-1.2705,-0.6104,0.2216,0.47732,-0.42522,0.62488,-0.78982,0.44894
0.29604,0.26083,0.79043,0.5013,-0.76426,0.87184,0.31566,-0.46971,-0.19788,1.0155,0.50055,0.1328,0.77713,0.42483,0.32992
-0.39263,0.78477,0.92348,-0.029914,-0.22544,-0.67512,-0.2438,-0.79488,-0.34181,-0.7394,-0.029959,0.45333,-0.60286,-1.2275,-0.47485
-0.11338,0.21085,0.43204,0.0073231,-0.45228,0.14811,-0.088535,0.72983,-0.06036,0.2712,0.0078792,-0.47392,0.18196,0.16834,-0.23208
0.98231,1.0945,1.1163,0.84211,-1.5877,0.46516,0.80605,-1.3778,-0.32248,0.49364,0.84269,0.9136,0.56287,-1.1966,0.71277
1.4831,1.0163,0.68281,1.2996,-1.0694,1.6723,1.4994,-0.67179,-1.3999,0.94532,1.2986,-0.28937,1.6382,-0.67101,1.4934
-0.29155,0.50474,1.0759,-0.4155,0.55575,-0.21861,-0.37023,-1.5517,-0.22291,-0.46834,-0.41511,1.6585,0.079544,0.25567,-0.37413
0.0472,0.012684,0.74306,0.11824,0.50036,0.53146,0.0292,-0.66915,-0.21832,0.40596,0.11635,0.72667,0.44389,0.59804,0.024932
0.2451,0.41064,0.66815,0.17293,-0.60956,0.58178,0.14831,-0.33764,-0.36438,0.59876,0.17305,-0.43936,0.70904,0.34883,0.26788
-0.31932,1.0838,0.9014,-0.61937,-0.89857,-0.74477,-0.3782,-1.2807,-1.4754,-0.87416,-0.619,-0.26566,-0.77249,-1.042,-0.70685
0.86399,1.0708,1.0531,0.71686,-1.4065,0.55065,0.65401,-1.2791,-0.30011,0.50591,0.71755,0.91038,0.61064,-0.8213,0.61675
0.63254,1.0601,0.87075,0.27756,-0.97776,0.075471,0.44433,-0.50383,-1.0098,0.13861,0.27789,-0.048215,-0.11537,-1.1989,0.23728
0.1696,0.94464,0.43566,0.053176,-0.76935,-0.14339,0.055709,-0.51061,-0.45756,-0.16092,0.053651,-0.69662,-0.072844,-0.8093,-0.179
1.3468,1.1297,1.1961,1.3213,-0.86847,0.95953,1.4168,-1.6704,-1.0824,0.52254,1.3208,0.86852,1.0651,-1.3842,1.2496
-0.45021,0.67249,1.0816,-0.23581,0.70465,-0.55834,-0.47658,-1.034,0.16123,-0.56686,-0.23624,0.93854,-0.33238,-0.24474,-0.50745
2.0682,1.1105,0.58599,1.5735,-1.0708,1.6142,1.9693,-0.32499,-1.2642,1.3385,1.5727,-0.4616,1.2835,-1.296,1.7424
0.39641,0.80089,0.43863,0.45498,0.19809,0.23546,0.50196,-0.86057,0.36403,0.3556,0.4546,-0.24177,0.063499,-1.0414,0.12242
-0.54152,1.0299,0.13996,-0.66146,-0.88974,-0.89839,-0.56466,-0.44722,-0.44329,-1.0796,-0.66178,-1.1787,-0.97813,-0.88714,-0.81552
1.3607,0.99248,0.44463,1.3584,-0.82753,1.6,1.3144,-0.49614,-1.2519,1.143,1.3588,-0.62915,1.4927,-0.48932,1.5819
0.53457,0.58361,1.0357,0.80751,-0.15642,0.81754,0.58573,-1.6234,0.011812,0.82894,0.80805,1.3846,0.70387,-0.28373,0.51929
0.41796,1.0709,0.67254,0.13079,-0.93738,-0.026786,0.31528,-1.5432,-0.49848,-0.22753,0.13134,-0.69069,-0.11703,-1.136,-0.098789
0.088383,1.0018,1.0867,0.071844,-0.8026,-0.20483,0.0041686,-1.4147,-0.48306,-0.24677,0.072314,0.82918,0.13067,-0.81126,-0.019219
-0.027864,0.18216,0.54587,0.14324,1.0593,0.41499,0.023312,-0.71997,-0.65311,0.28645,0.14312,0.5649,0.30046,0.38322,-0.092109
-0.31589,1.0486,0.64391,-0.51632,-0.95818,-0.76637,-0.3413,-1.1458,-0.47163,-0.78732,-0.51613,-0.68279,-0.74662,-1.1963,-0.71184
1.6966,1.1509,1.094,1.5777,-1.2746,1.1895,1.7096,-1.6575,-0.66068,0.68598,1.5779,0.46272,1.1268,-1.4592,1.4892
0.7266,0.40766,0.7742,0.97896,-0.37191,1.2573,0.70511,-0.61738,-0.89445,1.3667,0.97958,0.61158,1.0657,0.13571,0.88482
0.37559,0.82534,0.99306,0.49284,-0.085616,0.56689,0.43251,-0.7209,-0.5308,0.55983,0.49349,1.6251,0.70566,-0.36649,0.33361
-0.091698,0.67604,0.80943,-0.057327,-0.52116,-0.17917,-0.03208,-1.299,0.26358,-0.083526,-0.056841,-0.23075,-0.27522,-0.67095,-0.30135
1.0093,1.1185,-0.2231,0.76847,-1.1621,0.62346,1.0215,-0.21944,0.056107,0.53244,0.76899,-1.1178,0.49349,-1.2929,0.56538
-0.085989,-0.61494,0.55105,0.62097,-1.5715,0.37857,0.35393,-0.72976,-0.94098,1.565,0.62164,-0.89714,0.25364,-0.51537,-0.03284
0.72494,0.88984,1.1281,0.43001,-1.0482,0.8495,0.57914,-1.3029,0.49023,0.87207,0.43045,4.328,0.7258,-0.22065,0.45384
-0.24885,0.32381,0.78316,-0.30704,0.94254,0.0054132,-0.28365,-0.89453,0.26122,-0.19214,-0.31151,0.080131,-0.072085,0.49004,-0.38518
0.91193,0.65805,0.97228,1.254,-1.4682,1.2254,1.2258,-1.0687,-0.91654,1.8063,1.2548,-0.73955,1.1101,-0.81444,0.90058
1.1861,1.0215,1.1312,1.1281,-0.41033,1.1943,1.2496,-1.2426,-0.21857,1.1524,1.1262,1.4825,1.0484,-0.88664,1.104
0.62092,0.96058,0.64102,0.45524,-0.17324,0.57414,0.62963,-0.29133,-1.1346,0.6266,0.45464,-0.31821,0.51699,-0.74205,0.39365
2.4857,1.158,0.6035,2.2012,-1.2095,1.8047,2.3976,-0.34307,-2.2045,1.9436,2.1977,-0.80693,1.7107,-1.5282,2.6988
1.2664,1.1132,0.20275,1.2511,-1.2241,0.75757,1.4243,-0.75545,-0.55658,0.74934,1.251,-1.1547,0.57428,-1.6276,0.94129
1.6143,1.1461,1.1651,1.9054,-1.4525,0.87643,1.5874,-1.4871,-1.1332,0.47842,1.9063,1.9081,1.1623,-1.6698,1.6217
0.16852,0.70455,0.73798,0.19595,-0.13526,0.46155,0.16839,-1.097,0.42748,0.14773,0.19637,-0.49009,0.32815,0.070181,0.056503
-0.021561,-1.3558,-1.044,0.85118,-0.52226,0.53333,0.46437,-0.35074,-1.3249,1.6925,0.85158,0.91009,0.43024,-0.48799,0.22381
0.35428,0.72819,0.97194,0.24067,-0.40981,0.40254,0.204,-1.3033,0.081385,0.63309,0.23875,1.001,0.3315,-0.12896,0.11475
0.78472,0.85052,0.90336,0.87898,-0.80552,0.85848,0.81117,-1.3371,-0.30122,0.91326,0.87938,0.29317,0.7432,-0.64509,0.76607
0.52978,1.0616,0.29819,0.5414,-1.3959,0.31064,0.47312,-0.17862,-0.4581,0.29804,0.54161,-0.88597,0.41569,-0.86729,0.40327
0.19849,-0.86193,0.38976,1.1599,-1.2997,0.89167,0.67792,-0.36384,-0.92884,2.0336,1.1607,0.53572,0.95208,-0.3533,0.56469
0.52157,0.76472,1.0814,0.41961,-0.73256,0.71529,0.51584,-1.1289,-0.35117,1.0677,0.42011,0.95091,0.58501,-0.30092,0.2564
1.4053,1.0823,1.1322,1.1195,-1.1753,0.92169,1.2113,-1.4294,-0.84404,0.82577,1.1203,2.7962,1.0549,-1.1699,1.379
0.24746,0.94104,1.0806,0.63187,-0.7321,0.19009,0.24327,-0.91758,-0.72393,-0.14294,0.63256,0.50295,0.52714,-0.60563,0.42975
1.4194,1.0247,1.054,1.4113,-0.73764,1.3093,1.5656,-1.3444,-0.44811,1.1621,1.4092,3.3045,1.1084,-1.1645,1.2075
0.53549,0.47279,0.61059,0.71082,-0.32566,1.3493,0.58955,-0.53855,-0.5095,1.2169,0.71062,0.6574,1.231,0.5316,0.60885
0.72335,1.0725,1.0897,0.66062,-1.2528,0.40831,0.68119,-1.4999,0.012,0.24642,0.66066,1.4162,0.41693,-1.0813,0.40337
0.40715,-1.5542,0.32777,1.2323,-1.1777,2.0148,0.86464,0.58053,-2.0644,2.6896,1.2328,2.0967,1.812,0.87689,0.90183
1.941,1.1455,1.1555,1.4549,-1.4569,1.4256,1.7243,-1.296,-0.83273,1.4569,1.4557,0.61776,1.3356,-1.2234,1.8382
0.20915,1.0766,0.11928,-0.038994,-1.0752,-0.24579,0.14335,-0.54341,0.67209,-0.07396,-0.038666,-0.92061,-0.32156,-1.1958,-0.24224
-0.22882,0.74589,0.89574,-0.28086,-0.14845,-0.35344,-0.24479,-0.94366,0.15924,-0.35473,-0.28052,-0.082937,-0.34433,-0.4786,-0.45319
0.15935,0.77882,0.98907,0.4813,-0.031983,0.49998,0.26048,-0.4426,-0.52925,0.79281,0.48178,1.7591,0.60765,-0.091084,0.39292
-0.034555,1.0803,-0.382,-0.21446,-1.1474,-0.59407,-0.047078,0.46951,-0.79308,-0.42209,-0.21515,-1.3423,-0.66092,-1.4942,-0.47595
-0.27645,1.1075,0.50501,-0.57478,-1.3966,-0.73981,-0.35463,-0.22516,-1.5146,-0.86914,-0.57434,-0.81774,-0.85671,-1.0949,-0.70068
-0.58029,0.94415,1.041,-0.76304,-0.89675,-0.91911,-0.64075,-0.80971,-1.5961,-0.9563,-0.76334,-0.32808,-0.96822,-0.68336,-0.82955
1.6338,1.0085,1.0837,1.2579,-0.91367,1.5499,1.3618,-1.0647,-0.63234,1.2707,1.2571,0.97307,1.2702,-0.61907,1.5056
0.057438,1.0577,0.22605,-0.054228,-0.98644,-0.52965,0.075178,-0.10308,-0.32916,-0.26538,-0.053693,-1.206,-0.54842,-1.606,-0.4091
0.071476,0.46997,1.109,0.081884,0.60005,0.18526,0.05719,-1.4673,0.26287,0.13084,0.082269,1.7041,0.11599,-0.16685,-0.11934
-0.0020245,0.53235,0.66372,0.070142,-0.45343,0.2108,0.062109,-0.82374,0.56394,0.36207,0.070669,-0.34393,0.15313,-0.12969,-0.22034
0.095279,0.91776,0.94204,0.071734,-0.30578,0.031148,0.05237,-1.1111,-0.74986,-0.17399,0.070617,0.5412,0.01551,-0.45774,-0.15556
2.0315,1.1197,0.33328,1.8588,-1.2658,1.5867,2.16,-0.53591,-1.5915,1.6597,1.8596,-0.87949,1.5083,-1.5123,2.0369
2.267,1.133,-0.099297,1.8236,-1.1992,2.0467,2.2184,-0.64425,-1.8855,1.7949,1.8246,-0.88542,1.8502,-1.1352,2.41
0.16154,-0.2254,0.34247,0.79733,-0.99912,0.87628,0.46315,0.29685,-0.49665,1.4458,0.79755,0.91695,0.76325,0.073516,0.3119
0.59997,0.30667,0.59191,0.97435,-0.81779,1.2276,0.67678,0.049689,-0.57471,1.1226,0.97508,0.17619,1.0854,0.15141,0.75424
0.63296,0.81572,0.56886,0.62068,-0.50862,0.6029,0.72641,-0.11071,-1.001,0.9065,0.61848,-0.44084,0.51477,-0.86896,0.42724
1.4954,0.9731,1.1329,1.2845,-0.81117,1.3925,1.4189,-1.5151,-0.40541,1.043,1.2848,2.5717,1.1824,-0.88312,1.3719
-0.037637,0.91422,0.84007,-0.28399,-0.11443,-0.2415,-0.10183,-0.81496,-0.65155,-0.41182,-0.28397,1.0096,-0.39952,-0.62394,-0.45584
1.2663,1.0011,0.90708,1.3186,-0.97366,1.2917,1.3107,-0.83915,-0.58779,0.88854,1.3188,0.31807,1.3082,-0.85431,1.4023
-0.24263,1.0304,-0.049583,-0.5139,-0.61604,-0.83764,-0.3321,-0.50267,1.3691,-0.64561,-0.51365,-0.88166,-0.8954,-1.395,-0.61578
0.0090358,1.0723,0.24446,-0.23582,-0.48016,-0.41112,0.048014,-0.40882,-0.83324,-0.46031,-0.23653,-0.97869,-0.4986,-1.3201,-0.51
2.4057,1.124,0.87055,1.8545,-1.1454,1.9315,2.3703,-0.34467,-1.5469,1.2383,1.8555,-0.0068926,1.7793,-1.3891,2.4714
0.7878,1.1115,0.40505,0.60989,-1.3943,0.21652,0.74196,0.12308,-0.65074,0.39528,0.60968,-0.91473,0.1649,-1.459,0.35945
1.0561,0.99975,1.0184,0.94673,-0.51964,0.75493,1.0579,-1.0615,-0.48123,0.91616,0.94748,1.0139,0.54194,-1.1713,0.76068
1.9725,1.0845,0.99889,1.4428,-1.3563,1.851,1.8068,-0.84551,-1.1963,1.689,1.4436,0.80697,1.6727,-0.87199,1.9487
1.2062,1.0345,1.0837,0.90932,-1.0111,0.89822,0.90968,-0.67728,-0.50271,0.74225,0.90958,0.22853,0.79139,-0.75489,0.96288
1.0692,1.0139,-0.28441,0.75621,-0.68829,0.6348,0.92023,-0.018149,0.19986,0.58733,0.75659,-1.4667,0.52677,-1.1322,0.65992
0.19179,0.77818,0.93962,0.45473,-0.59007,-0.006401,0.18579,-0.85612,0.65117,0.3076,0.45534,0.2209,0.036949,-0.83815,0.1299
0.86454,1.1121,-0.12094,0.63513,-0.59593,0.46078,0.90733,-0.063167,-0.49961,0.31472,0.63577,-0.97369,0.33204,-1.3519,0.27223
0.21903,-2.1902,-0.31486,1.5564,-1.4253,0.79868,0.99962,-0.47893,-1.8638,2.7727,1.5566,1.577,0.73746,-1.0293,0.67497
0.28865,-1.0196,-0.23826,1.2864,-1.6616,0.64561,0.8624,-0.43164,-1.6009,1.8201,1.2872,-0.3683,0.66105,-1.0291,0.60653
-1.2975,-0.32724,-0.2392,-1.2821,-1.5101,-1.5269,-1.2282,-0.46252,-1.8605,-1.3192,-1.2819,-1.5257,-1.6122,-0.11689,-1.1479
0.59486,0.95309,1.0154,0.74902,-0.64246,0.56027,0.45011,-0.84265,-0.13975,0.28327,0.74972,0.47219,0.69185,-0.41447,0.70486
0.17591,-1.597,0.13852,1.4307,-1.4633,0.80222,0.82834,-0.57801,-2.0179,2.2379,1.4312,1.1557,0.84238,-0.75409,0.71591
0.22588,-0.48677,0.044945,1.1439,-1.1328,1.0879,0.68832,-0.015902,-1.6634,1.5398,1.1441,-1.0467,1.1006,-0.081076,0.55836
0.58102,1.037,1.1695,0.50046,-1.1928,0.090207,0.62642,-1.3631,0.57124,0.29653,0.50107,1.636,0.081743,-1.4744,0.28148
1.6031,0.86688,0.70877,1.529,-0.91764,1.8664,1.6332,-0.22429,-1.4833,1.7559,1.5275,0.16586,1.7199,-0.6357,1.7647
1.3718,1.0727,0.99876,1.1725,-1.0596,1.0557,1.2268,-0.97421,-0.89033,0.85564,1.1732,0.5799,1.1395,-1.0251,1.2925
2.2674,1.0819,0.89208,1.9541,-1.1543,2.1972,2.2534,-0.48667,-2.0193,1.9334,1.9551,1.012,1.8707,-1.0306,2.5522
-0.18406,0.36661,0.62686,-0.090254,0.41232,0.10298,-0.069591,-0.52741,0.5453,-0.043767,-0.089718,-0.0078715,0.051527,0.01686,-0.33351
0.1252,0.54938,0.82351,0.16208,-0.016207,0.46811,0.10298,-1.0323,0.34497,0.34315,0.15992,-0.26552,0.41147,0.25866,0.035426
0.6616,1.067,0.26669,0.4695,-0.91735,0.31799,0.66705,-0.27762,-0.60095,0.5798,0.46965,-0.89254,0.2891,-1.1935,0.37079
0.44734,0.9107,1.1546,0.90102,-0.21448,0.57613,0.69674,-1.372,0.10776,0.44488,0.89891,2.2741,0.92807,-0.8577,0.409
1.7195,1.033,0.97938,1.5186,-0.48307,1.6659,1.6552,-1.2241,-1.0244,1.5723,1.5188,1.4569,1.6757,-0.88249,1.8436
1.1639,1.0246,0.9226,1.0178,-1.006,0.90349,1.1382,-1.4385,-0.59571,0.82602,1.0162,-0.32376,0.87222,-1.0928,0.91013
-0.034235,0.47482,-0.0020251,0.075804,0.068379,0.50745,0.016123,-0.079005,0.53615,0.49778,0.075211,-1.1987,0.58419,0.59015,0.0023367
0.47773,0.72884,0.79023,0.37937,-0.3768,0.47346,0.40143,-0.31065,-0.67888,0.5014,0.37997,-0.31413,0.34732,-0.45585,0.22509
0.85819,1.0901,1.2118,0.49741,-1.3587,0.27569,0.70881,-1.5145,0.65506,0.55839,0.49789,1.376,0.12238,-1.3223,0.35816
0.10832,0.95793,0.76962,-0.14635,-0.72639,-0.073124,-0.024124,-0.90308,-0.23558,-0.23781,-0.1459,-0.32316,0.060849,-0.47329,-0.22086
0.25126,0.48155,0.49084,0.55677,-0.62169,0.47066,0.42672,-0.70463,-0.054865,0.77932,0.5556,-0.40051,0.38929,-0.51344,0.20162
0.1766,0.65501,0.6889,0.32115,0.26643,0.2753,0.28967,-0.41408,0.20359,-0.041061,0.32064,-0.36678,0.33953,-0.55582,0.058838
1.8739,1.0444,0.71385,1.819,-0.92888,1.8012,2.0147,-1.0652,-1.6947,1.624,1.8199,-0.40243,1.7534,-1.1586,2.0759
1.5064,1.0867,0.090053,1.2544,-1.2186,1.0428,1.3132,-0.12925,-1.731,0.8138,1.2551,-1.0393,1.103,-1.1567,1.4606
0.57457,0.69135,0.47874,0.81895,-0.89858,0.64941,0.63947,-0.18334,-0.32184,1.071,0.81962,-0.091858,0.47346,-0.6456,0.49743
0.72338,0.8365,0.62191,0.78301,-0.36285,1.0081,0.86746,0.0047242,-0.46033,1.1508,0.78315,-0.27132,0.87614,-0.53191,0.57432
1.1309,1.0013,1.226,1.0832,-1.0203,0.79321,0.95572,-1.7051,-0.30509,0.6631,1.0839,4.1463,1.0044,-0.97052,1.2536
1.5091,1.0495,0.71445,1.5845,-0.74213,1.6302,1.5255,-0.4992,-1.0895,1.1724,1.5854,-0.022661,1.5984,-0.75402,1.7556
2.0066,1.1108,0.90871,1.7254,-1.2616,1.3644,1.9966,-0.65219,-1.5009,1.5886,1.7259,-0.30181,1.306,-1.5719,2.202
-0.25519,-0.48177,0.67828,0.073134,-0.94345,0.37169,-0.093397,-0.7332,-0.59944,0.19441,0.070877,0.68928,0.24183,0.65879,-0.25027
-0.23048,-1.2666,-0.44903,0.58735,-0.061936,0.098504,0.15155,-0.40209,-0.89717,1.4161,0.58556,1.2145,-0.034444,-0.56654,-0.023944
-0.010022,0.9985,0.32949,-0.14683,-0.43533,-0.34606,0.057449,-0.027154,0.37063,-0.41307,-0.1465,-0.92817,-0.45332,-1.2116,-0.43059
1.1438,1.0006,0.68112,0.83246,-1.2013,1.0602,0.9939,-0.026703,-0.097285,1.0091,0.83285,0.18791,0.93168,-0.67227,0.98766
1.1235,0.92712,1.0438,1.1915,-0.77369,1.8043,1.0135,-1.0075,-1.5512,1.1074,1.1919,1.2108,2.1542,0.28143,1.6312
0.36939,1.1283,0.51153,0.12422,-1.2277,-0.21623,0.3023,-0.60102,-0.44653,-0.19527,0.12469,-0.70272,-0.30796,-1.4424,-0.10139
-0.62634,0.8381,0.31905,-0.80258,-0.62532,-0.98831,-0.69644,0.21916,1.1693,-0.90949,-0.80225,-0.49817,-0.98118,-0.68986,-0.80967
0.33486,1.0805,1.1402,0.1146,-1.1056,0.14046,0.17767,-1.4534,-0.55945,2.7204e-05,0.1122,1.5539,0.203,-0.54861,0.014592
0.91718,0.92095,0.099014,1.009,-0.44252,0.76878,0.79963,-0.38592,-0.40837,0.57973,1.0088,-1.1196,0.98862,-0.75315,1.185
0.32526,0.50199,0.56804,0.58106,0.0023838,0.61634,0.44352,0.097782,-0.32588,0.83678,0.58173,-0.77186,0.62354,-0.30851,0.36572
1.8573,1.1635,0.37563,1.7356,-1.2506,1.3365,1.9612,-0.91146,-1.0228,0.78655,1.7364,-1.2045,1.3266,-1.5653,1.6757
0.40655,0.22736,0.71173,0.91741,-0.41582,0.94441,0.65809,-0.7301,-0.57881,1.28,0.91806,0.66167,0.84776,-0.23529,0.48788
0.1637,0.19844,0.98175,0.65128,0.052261,0.040496,0.43381,-1.163,-0.11051,0.45008,0.65188,1.0814,0.15054,-1.238,0.12893
0.665,1.0545,1.0525,0.56141,-1.0704,0.32968,0.61125,-1.1632,0.49982,0.77466,0.55893,1.3376,0.48423,-1.0836,0.52647
1.9362,1.0207,1.0214,1.5701,-0.93282,1.9512,1.7002,-0.85694,-1.6511,1.6851,1.5709,2.0757,1.8246,-0.63224,2.2082
-0.072672,0.49066,0.51582,-0.0016229,0.34033,0.22579,-0.064543,-0.42341,0.35696,0.14778,-0.0014743,-0.16095,0.11902,0.25942,-0.22955
1.0985,1.0194,0.85657,1.0856,-0.6476,0.97962,1.1507,-1.3304,-1.0553,0.92298,1.0856,0.24748,0.90589,-1.0138,0.95375
1.0786,1.0475,1.0162,0.93428,-0.68171,0.91757,0.87847,-0.99278,-0.70843,0.48617,0.93462,0.78569,0.92917,-0.67661,1.0178
2.2329,1.0128,1.0763,1.9276,-1.2032,2.3704,2.2843,-0.77778,-2.2467,1.9164,1.9286,1.5173,2.3013,-0.90262,2.5921
-0.47348,-0.82241,-0.088527,0.068811,-0.14713,-0.46962,-0.31424,-0.46586,-0.24031,0.72869,0.06938,1.0182,-0.50839,-0.54826,-0.33519
1.5261,1.1075,1.0799,1.1746,-1.1574,1.1583,1.3461,-1.4414,-1.3753,1.0609,1.1754,0.070294,1.1612,-1.0617,1.4263
0.24751,0.97309,0.72495,0.18175,-1.2637,-0.014836,0.19967,-0.85918,0.18261,-0.12258,0.18147,-0.64608,0.00012771,-0.88329,-0.056237
0.073771,0.95651,1.1641,-0.091185,-0.35212,-0.15355,0.034874,-1.7714,0.82684,-0.27083,-0.090774,2.5715,-0.18642,-0.78092,-0.31537
0.21398,0.6202,0.74685,0.72698,-0.17237,0.42013,0.46078,-0.82482,-0.4953,0.62454,0.72769,1.8204,0.48466,-0.66533,0.64699
0.40297,0.61853,0.52939,0.48795,0.017803,0.89226,0.3678,-0.20341,-0.11298,0.82019,0.48792,-0.53446,0.78194,0.32746,0.3633
1.384,1.1102,1.0089,1.3224,-1.4145,1.1298,1.3688,-0.97422,-0.46344,0.95648,1.3231,0.94315,1.0768,-1.1252,1.1752
0.52326,0.9807,0.92588,0.17621,-0.6067,0.24439,0.33681,-1.3248,-0.060133,0.17158,0.17664,-0.2301,0.18219,-0.70953,0.10798
1.8601,1.0983,0.90825,1.8724,-1.1317,1.3851,1.793,-0.71259,-1.5904,1.2915,1.8731,-0.041148,1.6265,-1.3424,2.418
0.11597,0.52756,0.73929,0.19461,-0.3664,0.61654,0.060267,-0.47642,0.33109,0.15968,0.19519,-0.26109,0.63952,0.67132,-0.030961
0.43538,0.80973,0.81532,0.4777,-0.61461,0.16659,0.36228,-1.1504,-0.16424,0.08697,0.47829,-0.33072,0.25993,-0.89395,0.40141
0.0026021,0.83996,0.90919,0.051813,0.082908,-0.14218,0.013859,-1.0948,-0.45368,-0.31426,0.050325,-0.27068,-0.087365,-0.70821,-0.25821
0.81922,1.0962,0.44738,0.68825,-1.0502,0.44386,0.88026,-0.34283,-0.0096931,0.35329,0.68895,-1.0911,0.48106,-1.3366,0.52765
0.17099,0.36247,0.3682,0.55788,-0.52768,0.46116,0.31663,-0.38258,-0.23616,0.96053,0.55792,-0.3635,0.42634,-0.29099,0.1177
0.27491,1.0828,0.23073,0.057766,-1.1551,-0.15818,0.22066,-0.88443,1.0901,-0.032055,0.058324,-0.78511,-0.194,-1.1874,-0.094603
1.0904,0.97924,0.61812,1.1074,-0.78726,1.1785,1.0702,-0.70876,-1.1781,1.0086,1.108,-0.62812,1.2861,-0.6384,1.1682
0.62754,1.0628,0.71551,0.37061,-0.67762,0.37859,0.55564,-0.76817,-0.7302,0.34236,0.37123,-0.52746,0.28139,-0.91065,0.19451
-0.05183,-0.20951,0.93208,0.27184,0.52615,0.45928,0.0629,-1.2451,-0.027843,0.75417,0.27138,1.0539,0.369,0.35514,-0.0099457
1.9173,1.0003,0.84949,1.941,-1.0846,1.8482,1.977,-0.83621,-2.0843,1.5138,1.942,0.55729,1.6944,-1.071,2.2512
-0.16083,0.45103,0.84729,-0.2575,-0.10015,-0.0050114,-0.21603,-1.0612,0.60513,0.015354,-0.25939,0.4988,-0.050183,0.23361,-0.32731
0.21815,0.84088,0.8875,0.70686,0.075644,0.21126,0.50008,-0.53718,0.60084,0.191,0.70752,0.85086,0.36937,-1.0769,0.36812
0.080038,1.0952,0.48836,-0.084443,-0.75224,-0.39917,0.08307,-1.063,0.58005,-0.50753,-0.083909,-0.79045,-0.53219,-1.3677,-0.3293
1.0445,1.0593,1.0479,0.87799,-1.1848,0.79955,0.95857,-1.0771,-1.0747,0.59978,0.87733,-0.36181,0.94416,-0.96633,0.92828
0.27852,-2.2036,-0.54911,1.3256,-1.2608,0.96362,0.95392,-0.48205,-2.598,3.1628,1.3263,0.38377,0.82607,-0.7375,0.72658
2.5099,1.0804,1.0918,2.0585,-1.1522,2.1475,2.3821,-0.72463,-2.3791,1.688,2.0591,1.274,2.0498,-1.2052,2.8208
0.17771,-2.242,-1.6145,1.5623,-0.87238,0.55994,1.0116,-0.87931,-1.8986,2.3705,1.563,1.932,0.37026,-1.3633,0.54538
-0.2099,0.73743,1.0333,-0.15502,-0.38494,-0.22808,-0.15852,-1.2352,0.21932,-0.27163,-0.15541,0.29592,-0.15526,-0.44159,-0.39484
1.5244,1.052,0.77802,1.8072,-1.1897,1.3907,1.4206,-0.93907,-1.7378,1.0778,1.8006,-0.20174,1.9507,-0.8875,2.5362
-0.16545,0.58177,0.89357,-0.083762,0.85869,-0.32926,-0.077057,-0.90318,0.4011,-0.31462,-0.083306,-0.099995,-0.32826,-0.87276,-0.30755
0.95734,0.89002,0.78468,1.298,-0.87673,1.6492,1.0283,-0.21103,-1.3834,1.3052,1.2985,-0.31751,1.9904,0.048721,1.5038
1.1407,1.0338,1.1047,0.95725,-1.0375,0.81991,1.0128,-1.2069,-0.54822,0.49321,0.95622,1.3477,0.81107,-1.0207,1.0756
0.78551,0.76813,0.89377,1.1158,-0.91659,0.63843,0.88042,-1.6643,-0.070405,0.85803,1.1157,1.6969,0.69483,-1.067,0.88577
0.11315,0.56687,0.8942,-0.018485,-0.72036,0.36733,-0.029608,-0.22457,0.65667,0.33652,-0.017938,0.52906,0.24099,0.44633,-0.04806
1.5414,1.1519,1.155,1.404,-1.3633,1.0482,1.5387,-0.86461,-0.35294,0.92963,1.4049,1.0246,1.0443,-1.4248,1.3089
-0.23501,-0.021761,-0.98068,0.18924,0.73486,0.56553,-0.054508,0.85787,0.16806,0.10431,0.18976,-1.3391,0.68525,0.93687,-0.098829
2.2896,1.1448,0.83124,1.8181,-1.2045,1.7877,2.1914,-0.70358,-1.6689,1.5014,1.8186,-0.0877,1.613,-1.3519,2.2264
-1.4061,-0.032717,-0.47063,-1.6378,-0.076702,-1.9347,-1.4941,0.65393,1.1504,-1.6111,-1.6377,-1.0453,-1.9858,-0.5608,-1.1778
-0.26812,0.54777,0.63053,-0.28721,-0.14701,-0.087865,-0.16799,-0.88943,0.37216,-0.31598,-0.28695,-0.84369,-0.17054,-0.10387,-0.48739
0.91245,0.93901,1.0049,1.2595,-0.68021,1.0281,1.0693,-0.93781,-1.09,0.89721,1.2597,0.26831,1.0967,-0.83246,1.2684
0.0097582,-1.1529,-0.12659,0.73346,-1.4814,0.83722,0.41822,-0.24112,-0.61139,1.4772,0.73366,-1.3835,0.68875,0.1132,0.19462
2.484,1.1551,1.0718,2.3209,-1.2733,1.8913,2.672,-1.2426,-2.1927,1.4389,2.3213,0.24897,1.6912,-1.6842,2.4983
-0.56027,0.27659,1.1427,-0.504,0.40095,-0.39612,-0.44959,-1.531,0.26978,-0.55343,-0.50359,2.02,-0.45671,0.090112,-0.68
0.70185,-0.49713,1.057,0.96756,-0.38373,2.5762,0.69509,-0.13044,-1.1576,1.3882,0.96758,2.8332,2.5505,2.1156,1.2886
1.214,1.0511,1.04,1.0142,-1.1143,0.69321,1.0924,-1.285,-0.40073,0.94192,1.0142,1.0602,0.6168,-1.2988,1.2263
1.5503,1.1238,0.90007,1.2514,-1.1245,1.0837,1.4264,-1.0575,-0.87464,1.1957,1.2514,-0.47684,0.93827,-1.2516,1.415
0.16401,0.1354,0.35609,0.68532,-0.76039,0.69289,0.36455,-0.51714,-0.37642,1.0557,0.68561,0.69514,0.53888,-0.0034421,0.16364
0.83745,0.028044,0.86101,1.1062,-0.7961,2.3943,0.87721,-0.65534,-1.2447,1.7579,1.1067,1.5146,2.1904,1.3757,1.3128
0.70554,0.93585,0.90267,1.1138,-0.86544,0.4898,0.86844,-1.2157,-0.23667,0.24427,1.1137,1.1516,0.69973,-1.2555,0.7042
-0.24283,0.39523,0.82859,-0.21369,0.6502,-0.015322,-0.19372,-1.0167,0.43864,-0.27821,-0.21318,0.095007,-0.040179,0.13796,-0.4222
0.12593,0.57727,0.73457,0.10193,-0.35443,0.48326,0.18001,-0.47489,0.15153,0.692,0.10238,-0.049274,0.38343,0.080245,-0.093363
-0.3306,0.43819,0.97572,-0.46557,-0.46591,-0.079006,-0.42716,-1.0425,-0.27343,-0.38914,-0.46543,0.54069,0.024431,0.83392,-0.47765
-0.54742,0.55276,0.96789,-0.61018,-0.57405,-0.5491,-0.58304,-0.93469,-0.074623,-0.7047,-0.60983,-0.16581,-0.6434,0.19061,-0.73194
1.1646,0.96564,1.1715,0.93621,-0.29699,1.0553,1.088,-1.3925,0.099128,0.69,0.93285,1.0993,0.9149,-0.8254,0.88687
1.6727,0.95951,1.0047,1.5109,-1.0732,1.7136,1.6104,-1.0193,-1.07,1.5584,1.5114,0.61444,1.6738,-0.7732,1.86
0.89695,1.0038,1.063,0.53121,-0.74882,0.86462,0.77962,-0.89155,-0.56561,0.74513,0.53186,0.28755,0.90168,-0.58108,0.62695
-1.3079,-0.54122,0.77557,-1.4127,-0.33138,-1.5924,-1.316,-0.92158,-0.93792,-1.4463,-1.4125,2.4497,-1.612,0.22634,-1.1498
0.78777,1.0384,0.86763,0.54529,-0.95775,0.70628,0.7027,-1.0197,0.1767,0.49966,0.54413,0.40131,0.82784,-0.67521,0.46248
2.3594,1.1618,1.0601,1.9978,-1.0508,1.7936,2.1779,-1.1937,-2.218,1.4443,1.9955,-0.03025,1.8243,-1.3331,2.5438
2.4616,1.0977,0.91567,1.9435,-1.4729,1.9838,2.1223,-0.76892,-1.7432,1.9282,1.9435,0.7661,1.8965,-1.095,2.4518
0.23931,0.55348,0.55431,0.32415,-0.49821,0.40454,0.31505,-0.28342,-0.38473,0.67354,0.32475,-0.22437,0.27704,-0.38581,0.050452
1.965,1.1229,1.2117,1.6874,-1.2874,1.4039,2.0103,-1.0252,-0.90541,1.1593,1.688,0.97365,1.2825,-1.5462,1.9043
-0.3241,1.0386,0.61356,-0.56509,-0.88708,-0.80262,-0.4018,-1.4618,0.22531,-0.74111,-0.56474,-0.60144,-0.75794,-1.1228,-0.66367
1.0244,0.80074,1.1576,0.79041,-0.80317,1.2016,0.80537,-1.8875,-0.24704,1.2855,0.7911,6.4561,0.9655,-0.14613,0.92767
-0.11222,-1.2654,-0.26217,0.654,-0.23046,0.20211,0.33435,-0.75816,-0.36954,1.8311,0.65469,1.7066,0.051405,-0.7773,0.061005
0.66557,0.97708,-0.24719,0.69511,-0.58319,0.85252,0.77301,-0.59674,-0.031815,0.57428,0.69409,-1.2545,0.7653,-0.58679,0.45329
1.247,1.0741,0.78428,0.97985,-0.89019,0.77332,1.1516,-1.1881,-0.2006,0.7165,0.97865,0.23287,0.65785,-1.2759,0.8554
0.59663,0.79159,1.0879,0.57935,-0.16758,1.106,0.54021,-0.68837,-0.11824,0.82856,0.57993,1.863,1.2033,0.26574,0.67998
2.2153,1.0938,0.83719,2.0226,-1.6687,2.0654,2.1094,-0.69742,-1.641,2.0278,2.011,0.71181,1.8486,-1.0027,2.6294
0.72826,1.0796,-0.16932,0.59464,-1.1175,0.38459,0.64226,-0.35482,-0.057312,0.34302,0.59316,-1.1613,0.5888,-1.0522,0.51522
1.8439,1.0443,0.8178,1.8378,-1.1363,1.481,1.6938,-0.68042,-1.8848,1.0796,1.8308,-0.04567,1.7962,-1.129,2.4196
0.18823,0.16919,0.55813,0.68371,-0.15822,0.38975,0.36045,-0.20072,-0.24959,0.75841,0.68436,1.0557,0.46284,-0.51021,0.40171
0.15039,1.078,0.60904,-0.072899,-0.90588,-0.16981,0.038448,-0.59948,0.90221,-0.32702,-0.072435,-0.48438,-0.24664,-0.82156,-0.20107
-0.96194,0.7811,-0.045762,-1.1582,-0.35939,-1.499,-1.0015,-0.3165,1.2386,-1.3235,-1.1578,-0.91782,-1.5127,-1.2977,-1.0282
0.71194,1.0016,1.0791,0.60218,-1.0282,0.46394,0.53884,-1.1862,0.28512,0.4602,0.60278,0.89614,0.51834,-0.74536,0.58048
1.406,0.9498,0.84148,1.1553,-0.86176,1.8968,1.2634,0.0026816,-2.0569,1.1155,1.1547,0.015454,1.9595,-0.049133,1.5888
0.88574,0.97547,0.89875,0.65349,-0.13236,0.81666,0.74525,-0.96636,-0.59317,0.8469,0.65414,0.74311,0.89455,-0.58925,0.85765
1.2681,0.93329,0.96885,0.99594,-0.97381,1.6262,1.1623,-0.66186,-0.54597,1.4112,0.99634,0.28052,1.4625,-0.21575,1.2347
1.0777,0.8836,0.96906,1.2435,-0.92282,1.6303,1.1271,-0.95019,-0.9097,1.296,1.2444,1.2022,1.6915,-0.15104,1.428
0.79827,0.9111,0.61846,0.73879,-0.64979,0.73717,0.87412,-0.26186,-0.044141,0.78834,0.7395,-0.43888,0.63768,-0.92006,0.60965
-0.61767,1.0094,1.2303,-0.49047,-1.0673,-1.102,-0.64834,-1.4253,-1.9049,-1.1446,-0.49034,1.7615,-0.95298,-1.2148,-0.76371
0.088094,0.69815,1.0871,0.069652,0.73175,0.25771,0.15186,-1.2689,0.58966,-0.26521,0.066924,0.77932,0.25959,-0.2687,-0.058299
0.98329,1.0292,1.075,1.2618,-1.1378,0.70354,0.98282,-1.4193,-0.21818,0.58642,1.2626,1.7549,1.2129,-1.1315,1.1842
1.977,1.0619,1.0506,1.4808,-1.1082,1.635,1.7259,-1.1769,-1.3748,1.5384,1.4816,1.5852,1.423,-1.0023,1.9062
0.3746,-1.2494,0.49404,0.94334,1.2357,2.244,0.60595,0.63553,-2.2594,0.51766,0.9441,0.25267,2.8998,1.8689,1.3161
1.4298,1.0593,0.88952,1.0127,-0.84002,1.3058,1.2011,-1.1763,-0.72853,1.0844,1.0134,1.0539,1.207,-0.67824,1.4054
0.14716,1.0644,0.69472,0.25503,-0.84112,-0.23114,0.1301,-1.0396,-0.60089,-0.1799,0.25475,-0.61732,0.16017,-1.141,0.11802
0.18807,0.6264,0.5927,0.21297,-0.32022,0.46722,0.21541,-0.38295,-0.18284,0.64785,0.2127,-0.16997,0.40482,-0.039278,-0.0086562
0.28618,0.78595,0.88933,0.28136,-0.58686,0.20339,0.25834,-0.52211,0.21096,0.13894,0.28131,0.22278,0.3051,-0.61484,0.098766
1.8471,1.1671,1.0384,1.4221,-0.94622,1.2902,1.5902,-1.0006,-1.1807,0.96552,1.4229,-0.13444,1.2012,-1.215,1.7009
0.029997,-0.79308,-0.36532,1.4819,-0.93405,0.52791,0.49541,-0.49372,-1.9008,2.1661,1.4826,-0.11133,0.81103,-0.5594,0.62468
-1.2138,-0.24495,0.48402,-1.1726,0.11873,-1.2874,-1.1831,0.43278,-1.1684,-1.4016,-1.1723,-0.47114,-1.3216,0.82761,-1.0639
1.276,0.99176,0.88626,1.3994,-0.72818,1.4111,1.3257,-1.1942,-0.25477,1.0821,1.4001,0.064599,1.5861,-0.73227,1.2508
1.2618,1.145,1.1446,1.3904,-1.1503,1.0727,1.1967,-1.3363,-0.40765,0.72243,1.3911,1.9309,1.5483,-0.96209,1.5516
0.28161,0.2793,0.48517,0.76679,-0.73312,0.67726,0.41724,0.055103,0.034612,1.1873,0.76648,0.07343,0.53361,-0.15038,0.29809
0.47354,0.81196,0.11523,0.75082,-0.1975,0.048218,0.55121,-0.27872,-0.63157,0.096697,0.75148,-1.104,0.21487,-1.4219,0.34407
0.66558,0.9053,0.81664,1.0776,-0.49158,0.69336,0.91126,-0.5999,-0.70351,0.24466,1.0782,0.33227,0.62352,-1.0385,0.55159
1.2335,1.0836,0.32553,0.82097,-0.75026,0.9141,1.1141,0.0062623,-0.35658,0.73963,0.82094,-1.2419,0.66424,-1.0452,0.78648
0.48416,1.0396,1.0475,0.42763,-1.1441,-0.0027844,0.42855,-1.198,0.39213,0.19136,0.42804,0.88817,-0.042041,-1.3003,0.14138
0.48068,0.96197,0.99177,0.22881,-0.27734,0.1625,0.39324,-1.1407,-0.45214,0.12134,0.22872,0.63712,0.083668,-0.96068,0.17725
-0.51211,-0.63409,0.85607,-0.11656,-0.95734,-0.24593,-0.26606,-0.89283,-0.0031151,0.04399,-0.11785,1.3043,-0.33182,-0.16303,-0.54924
1.0353,1.0541,1.0875,0.959,-1.3368,0.6133,1.0531,-1.2105,-1.0414,0.64905,0.95938,1.0175,0.72027,-1.3494,0.98777
0.29903,0.35344,0.38137,0.84499,-0.65183,0.65914,0.53995,0.25349,-0.26232,1.1024,0.84497,-0.14118,0.62106,-0.43925,0.32067
-0.28556,1.0398,0.33814,-0.40805,-1.2707,-0.70604,-0.31359,-0.642,-0.34198,-0.60637,-0.40783,-1.0049,-0.76241,-1.1223,-0.63125
-0.44849,1.0596,1.0302,-0.59068,-0.84317,-0.94957,-0.53739,-1.3407,-0.26369,-0.87546,-0.59033,0.24876,-0.92698,-1.1196,-0.74782
1.8153,1.0886,1.166,1.4008,-1.5157,1.4822,1.5393,-1.3373,-1.303,1.2914,1.4013,2.4284,1.3059,-0.93848,1.7839
0.20908,0.5287,0.57704,0.39347,0.39635,0.62802,0.34104,-0.2525,-0.4672,0.52718,0.39362,-0.076179,0.52958,-0.059122,0.11167
0.78138,1.0361,1.1279,0.63709,-1.0209,0.43515,0.59158,-1.2015,-0.38631,0.50157,0.6369,1.1091,0.5168,-0.88693,0.63524
-0.4111,0.069627,0.70108,-0.25531,0.43539,-0.12696,-0.32413,-0.99659,-0.094336,-0.34633,-0.25552,0.23841,-0.25357,0.31631,-0.52959
0.012432,1.0382,0.12453,-0.16415,-0.46802,-0.37635,0.0041249,0.048285,-0.31406,-0.42466,-0.16364,-1.1532,-0.40905,-1.1576,-0.38659
-0.50583,0.47709,1.2134,-0.59235,-0.28394,-0.52777,-0.48098,-1.44,0.41235,-0.33848,-0.59222,2.0066,-0.54799,-0.14642,-0.65322
0.2266,0.70379,1.0343,0.35301,0.22623,0.58543,0.30279,-1.0502,0.12261,0.33567,0.34938,1.6315,0.82605,-0.042181,0.31801
0.97055,0.98306,0.64693,0.79377,-0.76891,0.55005,0.97326,-0.3943,-0.60321,0.54901,0.79425,-0.6473,0.54193,-1.3236,0.60305
-0.53757,0.44638,0.94602,-0.5726,-0.034427,-0.50632,-0.53795,-1.1334,-0.22267,-0.49284,-0.57225,0.35965,-0.53957,0.12942,-0.69336
-0.1231,0.55817,0.86691,-0.09132,0.17412,0.25041,0.012006,-1.1265,0.31755,-0.15363,-0.090926,-0.10797,0.16493,0.08587,-0.33024
1.2424,0.99129,0.77451,1.3305,-0.88161,1.3951,1.1533,-0.57186,-0.97286,0.78104,1.3301,-0.82427,1.6505,-0.49264,1.6857
1.5808,1.0028,0.63965,1.3903,-0.91694,1.5149,1.6414,0.071056,-0.52296,1.4036,1.3907,-0.12738,1.3694,-1.0297,1.6932
0.57667,1.0398,0.97586,0.58541,-0.70835,0.39094,0.55388,-0.85217,-0.39886,0.22725,0.58418,0.74267,0.53881,-0.8881,0.61499
0.98131,1.13,1.0554,0.92917,-1.2343,0.42768,0.95241,-1.4905,-0.31052,0.324,0.92993,0.61234,0.54436,-1.4597,0.71733
0.606,0.79496,0.87608,0.62876,-0.61276,0.64399,0.60961,-0.68094,0.12107,0.83488,0.62901,-0.019595,0.58495,-0.5982,0.44588
1.5565,1.1422,1.1435,1.1974,-1.4225,1.0694,1.4285,-1.3412,-0.75426,0.78003,1.1968,1.744,0.91196,-1.2707,1.3277
0.40276,1.1123,-0.13401,0.38192,-1.0316,-0.13917,0.40758,0.042118,-1.0322,0.097262,0.38256,-1.318,-0.098089,-1.4913,0.085055
-0.13443,0.65752,0.92375,-0.27203,-0.10989,-0.18424,-0.19782,-1.028,0.39331,-0.19849,-0.27161,-0.55915,-0.17498,-0.23017,-0.37851
1.7907,1.0974,0.28002,1.3618,-1.2002,1.6031,1.4378,-0.46106,-1.3226,0.93261,1.3624,-0.77942,1.3935,-0.66483,1.6868
0.056244,-0.6385,0.53697,0.83951,-1.7646,0.58116,0.56786,-0.79133,-1.088,1.8776,0.84025,-0.73004,0.55695,-0.61627,0.2009
1.6757,1.0603,1.0692,1.3155,-1.0809,1.8564,1.3166,-0.94994,-1.1604,0.96896,1.3162,1.1958,2.0698,-0.18496,1.8862
0.55225,0.94152,1.0509,0.8498,-1.1464,0.031856,0.54375,-0.85805,0.2536,0.11003,0.85014,-0.55898,0.25489,-1.4358,0.48832
0.44486,1.0618,-0.034628,0.17355,-1.0121,0.12038,0.3756,-0.23914,0.036908,0.17463,0.17366,-1.213,0.034592,-0.99809,0.053249
0.07746,1.0923,0.34228,-0.2247,-0.99733,-0.36793,0.010019,-0.30767,0.056611,-0.48143,-0.22484,-1.061,-0.39525,-1.1535,-0.36321
0.29371,0.86736,1.0752,0.15788,-0.54773,0.27722,0.24415,-0.99288,-0.038378,0.13194,0.15847,0.50642,0.12575,-0.45113,-0.042824
1.3446,0.89666,1.0406,1.2241,-0.99587,1.1844,1.3437,-0.92013,-0.20599,1.2025,1.2235,3.5471,1.033,-1.0275,1.1914
-0.44025,-1.2812,0.33753,0.015936,-0.66736,0.19902,-0.19624,0.45768,-2.2205,0.14848,0.015916,0.86001,0.15934,0.62931,-0.40422
0.97349,0.95182,0.84319,1.1473,-1.1315,0.68514,0.84657,-0.60321,-1.7653,0.31399,1.148,-0.19903,1.0751,-0.94883,1.3082
0.64136,0.90233,0.79916,0.58381,-0.5743,0.52123,0.6792,-0.64046,0.24273,0.43468,0.5842,-0.52985,0.51424,-0.90931,0.37219
1.7222,0.98944,0.76361,1.6581,-0.72417,1.8279,1.645,-0.41286,-1.2422,1.3225,1.6578,-0.17619,1.7207,-0.69325,1.888
0.34725,0.43166,1.022,0.43352,0.27835,0.84398,0.44842,-1.0632,-0.20671,0.72239,0.43355,1.5129,0.75694,0.054381,0.27385
2.655,1.1686,0.22649,2.3259,-1.4152,1.9009,2.6689,-0.48424,-2.2073,2.0633,2.3264,-1.0227,1.6334,-1.6736,2.6895
-0.23359,0.68612,1.1031,-0.30141,0.13374,-0.098318,-0.26868,-1.3309,0.23922,-0.28498,-0.30125,1.5759,-0.14202,0.1927,-0.4575
-0.22576,0.95744,0.59057,-0.34073,-0.47719,-0.43591,-0.22321,0.34226,-0.28653,-0.60506,-0.34025,-1.0288,-0.52753,-0.72975,-0.53993
-0.77297,0.94016,0.16945,-0.92158,-0.79205,-1.1538,-0.81619,-0.4567,-0.37918,-1.178,-0.92156,-1.1543,-1.1969,-0.76506,-0.93394
0.93833,1.1345,-0.12769,0.77256,-0.94655,0.49126,0.75006,0.17718,-1.1056,0.2143,0.77204,-1.3213,0.52993,-1.0712,0.73923
1.1509,0.90694,0.91094,1.3984,-0.96026,1.2174,1.2146,-0.38437,-1.0368,1.0647,1.3959,-0.37874,1.363,-0.80801,1.4853
0.12243,0.95703,0.78132,-0.068289,-0.75802,-0.074196,0.037885,-1.3627,-1.417,-0.24725,-0.067806,0.017675,-0.16573,-0.63048,-0.23155
0.28558,1.0607,1.051,0.087468,-0.69119,-0.19145,0.25418,-1.4689,-0.083422,-0.28218,0.087115,1.3615,-0.23208,-1.3113,-0.11722
1.5256,1.1407,1.1307,1.4777,-0.77989,1.4804,1.4943,-1.2742,-1.5213,1.5231,1.4785,1.9366,1.4701,-0.8822,2.0282
0.5309,0.88715,0.9305,0.73104,-0.46707,0.34179,0.43989,-1.2371,0.53775,0.020186,0.72972,0.83758,0.3789,-0.75265,0.39349
0.71301,1.0711,1.1467,0.60584,-1.0318,0.25423,0.67246,-0.97658,-0.18775,0.21401,0.60581,1.0851,0.16534,-1.2977,0.30483
0.92654,1.1777,1.1587,1.1,-1.2939,0.73878,1.1067,-1.4873,-1.7976,0.47476,1.1005,1.2682,0.95079,-1.2596,0.97644
-0.03762,0.33005,0.92994,0.070076,0.17055,0.4729,0.072491,-0.64977,-0.24949,0.30005,0.070637,-0.032038,0.33862,0.35413,-0.17756
0.73063,0.96621,0.65383,0.71493,-1.0037,0.70377,0.76568,-0.26215,-1.5438,0.85105,0.71561,-0.26662,0.54313,-0.78885,0.4989
0.24354,0.76357,0.93448,0.16,-0.18097,0.35246,0.28032,-1.1054,0.2404,0.32855,0.16059,0.62186,0.19879,-0.39913,-0.015713
1.02,1.0921,1.1543,0.96338,-1.0839,0.34148,0.9185,-1.4268,-0.090173,0.45066,0.96404,0.64203,0.3599,-1.5309,0.80592
1.4603,1.0907,1.0811,1.1174,-1.0125,1.4737,1.2691,-1.0802,-0.83056,1.1948,1.1179,2.0704,1.4175,-0.57389,1.3595
1.9505,1.0531,1.0178,1.5951,-0.8211,1.4731,1.8232,-0.9116,-1.8132,1.456,1.5959,2.1992,1.2837,-1.2836,1.9388
0.82919,1.1287,-0.10616,0.74482,-0.88132,0.17786,0.83764,-0.32141,-0.41377,0.039393,0.74409,-1.2994,0.26668,-1.6489,0.49412
1.2141,1.0811,0.89901,0.90095,-0.90755,0.82125,1.1699,-1.0989,-0.81524,0.72201,0.9005,0.025629,0.64233,-1.24,0.83956
-0.51375,0.78933,0.77504,-0.53063,-0.41276,-0.65193,-0.58183,-0.66055,-0.55926,-0.65295,-0.53036,-0.068938,-0.54249,-0.1133,-0.58445
-0.53476,-0.31411,0.68366,-0.13463,-0.6681,-0.75473,-0.31546,-1.3016,-1.0498,0.04805,-0.13411,0.69958,-0.82757,-1.2353,-0.61622
-0.14965,0.89317,0.74172,-0.35543,-0.67254,-0.42073,-0.25797,-1.0379,0.71511,-0.43748,-0.35548,-0.56319,-0.40889,-0.59721,-0.42775
0.98421,0.23896,0.57158,1.4187,-1.6769,1.0291,1.225,-1.0037,-1.3695,1.8989,1.4195,-0.74822,1.228,-1.0556,1.3759
1.2386,0.9372,0.52162,1.1161,-0.92342,1.2838,1.2311,-0.38563,-0.90122,1.1201,1.1159,0.43582,1.1165,-0.75,1.1399
0.46352,0.50525,1.0548,0.53179,-0.90197,0.84772,0.58058,-1.5662,-0.92449,0.92919,0.53124,-0.51749,0.71141,-0.22638,0.32076
1.1019,0.94194,1.1987,1.3254,-0.79507,1.5224,1.1098,-1.3242,-0.93724,1.2073,1.3238,3.9532,1.5575,-0.25943,1.3503
-0.2227,0.1875,-0.989,-0.082129,0.81914,0.35401,-0.15477,0.46538,0.21148,0.16573,-0.082035,-1.2917,0.33029,0.82958,-0.19808
0.72022,0.87899,1.0441,0.53441,-0.10634,0.87839,0.64996,-0.77638,-0.4996,0.64609,0.53304,0.44182,0.7726,-0.31882,0.44461
0.051392,1.1202,0.27764,-0.12728,-1.2372,-0.36348,0.062226,-0.29119,0.29329,-0.33345,-0.12833,-1.2512,-0.2596,-1.2557,-0.29699
0.50121,1.0295,1.2045,0.45233,-1.0891,0.44238,0.62468,-1.5449,-0.17731,0.2616,0.45265,-0.29402,0.25484,-0.93416,0.04677
0.9515,0.90858,1.0257,1.5758,-0.83634,0.99034,1.0547,-1.4622,-0.85606,0.49898,1.5753,1.2257,1.5324,-0.85941,1.5771
1.5962,1.06,1.1386,1.5018,-1.2628,1.1109,1.4688,-1.2953,-1.2518,1.1978,1.502,-0.17668,0.98174,-1.2719,1.635
0.61994,1.0256,-0.16668,0.5557,-0.71733,0.34903,0.68769,0.70347,-1.1089,0.25953,0.55534,-1.3497,0.37507,-1.1803,0.25996
2.2089,1.1191,0.35126,1.7947,-1.2292,1.7677,2.0755,-0.46339,-0.76607,1.4937,1.7951,-1.3862,1.4708,-1.255,2.0622
1.75,1.0878,1.0499,1.4341,-1.2503,1.4846,1.5913,-1.352,-1.1386,1.3071,1.4345,0.93447,1.3919,-1.0013,1.6528
0.21724,0.69067,1.075,0.50211,-0.098135,0.94566,0.36083,-1.1372,-0.21408,0.86599,0.50173,3.4475,1.1898,0.43583,0.5736
2.0285,1.0844,0.61081,1.5827,-1.1396,1.5794,1.761,-0.89242,-0.82707,1.5594,1.5836,-0.28523,1.3354,-1.1026,1.9629
1.8753,1.0781,0.54078,1.1956,-0.62416,1.4294,1.5168,-0.72342,-1.3864,1.3727,1.1964,-1.0671,1.2669,-0.96921,1.714
1.1702,1.088,1.1863,1.0214,-1.1612,0.57221,0.92056,-1.629,-0.96894,0.1607,1.0221,3.5329,0.73471,-1.2183,1.0009
0.16852,0.62911,0.89754,0.13044,-0.27166,0.28908,0.13638,-0.95157,0.42022,0.14149,0.13027,0.010025,0.23755,-0.17102,-0.04068
1.2,1.0598,0.34941,1.0315,-0.37491,0.94721,1.1877,-0.0013631,-0.83848,0.62813,1.0318,-0.89472,0.92122,-1.1061,0.8546
0.12768,-0.9222,0.32676,0.77098,-0.8527,1.0505,0.4352,0.72266,-1.6606,1.3628,0.77169,0.79157,1.0223,0.42536,0.39362
0.59553,1.1058,1.0575,0.33807,-0.77772,0.37368,0.53556,-1.5706,-0.13966,-0.04995,0.33866,1.2447,0.328,-0.88197,0.16366
1.3658,0.86505,1.1922,1.4011,-0.26131,1.4147,1.4156,-1.5872,-1.0287,1.1781,1.402,3.3591,1.2707,-0.85288,1.4979
0.11487,0.35187,0.78197,-0.11303,0.035402,0.59977,-0.15987,-0.16598,0.68838,0.35322,-0.11605,0.8673,0.48193,1.3902,0.051332
0.28048,1.0168,1.058,0.28866,-0.68074,-0.079449,0.36954,-1.4234,0.4923,-0.32344,0.28833,1.3254,-0.13266,-1.3256,-0.10419
0.4286,0.95222,0.87924,0.24619,-1.1193,0.31272,0.27467,-0.75581,-0.30419,0.19117,0.24678,-0.87988,0.28198,-0.45669,0.14749
0.11805,0.5912,0.86554,0.16143,-0.41037,0.34934,0.048116,-0.12865,-0.43646,0.29204,0.16201,0.18742,0.2196,0.18109,-0.10722
1.0972,1.0597,1.1731,1.2996,-1.2367,0.70682,0.84322,-0.69855,-1.1882,0.57197,1.3001,0.67275,0.89042,-0.913,1.395
0.028717,-0.72027,0.52721,1.3246,-0.76256,0.41704,0.50867,-0.90543,-1.7953,2.056,1.3253,0.68376,0.49878,-0.76296,0.50976
0.29083,1.0269,0.15205,0.29288,-0.9864,-0.077039,0.26489,0.49347,0.075501,0.17235,0.29219,-0.84602,-0.045894,-1.1277,0.11158
0.42847,1.0728,1.0583,0.30545,-1.3357,0.063878,0.41397,-1.7306,-0.34193,0.016838,0.30549,1.1743,-0.079904,-1.164,-0.013759
0.47487,0.97712,1.0441,0.29785,-0.69411,0.21373,0.39461,-1.2977,0.097407,0.20825,0.29682,1.2686,0.17513,-0.8773,0.21155
0.20144,0.55545,0.71253,0.4439,-0.40832,0.39399,0.24412,-0.61076,-0.13112,0.5338,0.4443,0.74177,0.66352,-0.24146,0.34989
0.19816,0.54332,1.0187,0.21445,0.14551,0.37362,0.20081,-1.0531,-0.20773,0.24911,0.21504,1.1128,0.21115,-0.17406,-0.01106
0.11865,0.50565,0.84463,0.042801,-0.42353,0.19292,-0.045458,-0.79084,0.47622,0.38562,0.042809,0.82217,0.09755,0.13397,-0.036785
0.44385,0.32899,0.96437,0.94546,-0.51209,1.0749,0.54066,-1.1601,-0.2156,0.97051,0.9459,0.59701,1.0834,0.21566,0.52788
0.92642,-0.0082485,0.94504,1.4622,-1.3525,2.296,1.0766,-0.094339,-1.3424,1.6674,1.4629,1.1935,2.447,0.7995,1.5686
0.15913,1.0911,0.069182,0.053042,-0.98606,-0.28629,0.051957,-0.73458,0.32455,-0.41564,0.052241,-1.0178,-0.33306,-1.0822,-0.27007
-0.61259,0.47416,1.0061,-0.75068,-0.24703,-0.61511,-0.64191,-1.2434,0.85926,-0.78508,-0.75064,0.40728,-0.6176,0.2461,-0.75711
-0.25548,-1.372,-0.3519,0.36772,-0.20334,-0.018236,0.12722,-0.71436,-0.84581,1.3539,0.3683,0.45098,-0.1311,-0.73102,-0.16617
-0.29405,0.42388,0.88769,-0.20055,-0.091348,-0.22191,-0.23781,-1.1893,-0.21756,-0.17676,-0.20084,0.48426,-0.17163,-0.19501,-0.463
0.80854,1.06,0.4733,0.57394,-0.91907,0.64325,0.64721,-0.64827,-0.61605,0.45559,0.57462,-0.81619,0.61963,-0.66915,0.50528
-0.90088,0.88883,1.1882,-0.91177,-1.281,-1.3852,-0.92836,-1.147,-1.1489,-1.1844,-0.91169,0.22441,-1.4192,-1.1518,-0.98985
1.1459,0.90573,0.67732,1.3169,-0.017368,1.1938,1.4271,-0.95168,-1.0282,1.0348,1.3177,-0.48478,1.0419,-1.1247,1.0971
0.92681,1.0515,0.71755,1.0943,-0.85399,0.70906,1.111,-0.70075,-0.25894,0.58469,1.0949,0.037732,0.74447,-1.3035,0.81101
1.5516,1.0245,1.0118,1.2297,-1.2612,1.1422,1.4584,-1.0583,-0.83831,1.0449,1.2305,0.58884,0.98266,-1.2233,1.2988
1.9434,0.94141,0.89785,1.7763,-0.78971,2.2679,1.9836,-1.1272,-1.9762,2.026,1.7772,1.5464,1.9731,-0.66077,2.3506
-0.22148,0.074638,0.90952,-0.12532,0.74229,0.04358,-0.164,-1.0841,-0.033944,0.33921,-0.1248,1.2347,-0.021462,0.17508,-0.29817
0.73131,1.1047,1.1735,0.60657,-1.2008,0.30725,0.68687,-1.7701,-0.2057,0.26033,0.60714,1.8814,0.40487,-1.2412,0.49886
1.0556,0.87485,0.97415,0.9076,-0.39108,0.99597,1.0193,-0.69193,-0.27304,0.75163,0.90758,0.29169,0.79018,-0.79777,0.85189
0.93694,1.0891,1.1058,0.5976,-1.2593,0.23759,0.83297,-1.0698,0.23891,0.39958,0.59805,2.2287,0.076217,-1.5584,0.4502
-1.2202,-0.64576,0.79471,-1.095,-0.60352,-1.5722,-1.1213,-0.90226,-2.1686,-0.94668,-1.0947,0.38177,-1.6461,-1.0423,-1.107
1.0366,1.0805,1.0827,1.2626,-0.83435,0.58643,1.2379,-1.3279,0.24523,0.63957,1.2629,0.20324,0.53804,-1.6174,0.83927
0.49339,-1.6082,0.44261,0.95235,1.0939,2.2316,0.67206,1.2123,-2.3515,0.88052,0.95284,1.3729,2.5725,1.6658,1.2373
0.47191,0.6705,0.73286,0.55344,-0.36589,0.55593,0.46732,-0.62855,-0.27383,0.492,0.55238,-0.56127,0.46626,-0.45724,0.35448
0.50353,0.3639,0.8304,0.57652,-0.31402,1.1863,0.42017,-0.28174,-0.29053,0.91387,0.57719,1.0763,1.0118,0.68814,0.51061
0.33066,1.066,0.0060129,0.0034529,-0.77227,0.043879,0.20364,-0.20372,-0.35688,-0.23722,0.0031252,-1.3772,-0.033258,-0.78424,-0.19767
1.4329,0.94778,0.61566,0.97942,-0.73847,1.2964,1.2722,-0.65347,-0.58375,1.2222,0.98017,-0.38826,1.0302,-0.79411,1.1691
-0.45693,0.23831,0.31186,-0.14969,-0.46551,-0.26637,-0.27656,0.53081,-0.87523,-0.2358,-0.14916,0.17333,-0.23318,-0.17808,-0.56313
1.9392,1.0757,0.4716,1.5793,-1.3349,1.8242,1.8358,-0.43298,-1.4693,1.5131,1.5796,-0.23672,1.6295,-0.9343,1.9007
0.82336,0.96212,0.89724,0.72389,-0.74501,0.85034,0.79426,-0.56215,-0.32703,0.94201,0.72452,0.74694,0.63866,-0.62731,0.60922
0.31921,0.82349,0.87517,0.60281,-0.4104,0.38251,0.43595,-1.373,-1.0416,-0.023693,0.60175,0.94464,0.58448,-0.6778,0.34663
1.5939,0.8912,0.74506,1.6756,-0.83958,2.1417,1.6609,-0.81682,-1.4227,1.3438,1.673,0.14867,2.2149,-0.37368,1.9738
0.43804,0.69041,0.71893,0.61697,-0.48961,0.97007,0.45553,-0.66559,0.16036,0.56294,0.61766,-0.42252,1.1828,0.24434,0.54158
2.0604,0.97833,1.0006,1.8169,-0.98251,2.5695,1.9939,-0.98561,-2.3412,1.9376,1.8169,0.9502,2.3665,-0.37406,2.5113
0.085685,0.98852,0.77419,0.11087,-0.86023,0.057013,0.10838,-1.0329,-1.7494,-0.37051,0.11143,1.4467,0.18274,-0.54381,-0.15764
-0.77393,0.9732,0.74156,-0.86599,-0.86655,-1.2535,-0.8071,-1.0482,-0.9359,-1.3139,-0.86565,-0.76187,-1.2262,-1.151,-0.92395
0.36677,0.76947,0.62531,0.28304,-0.41422,0.43942,0.26078,-0.26538,0.49632,0.39288,0.28201,-1.0554,0.34221,-0.19967,0.18317
1.5908,0.95679,0.80879,1.4337,-0.93897,1.8692,1.4992,-0.76342,-1.1723,1.4616,1.4325,-0.12486,1.8282,-0.4471,1.9293
2.0136,1.1109,1.1333,1.8532,-1.3148,1.8917,1.8501,-1.423,-2.0762,1.4232,1.8541,0.72839,1.9118,-0.88171,2.3945
0.26078,1.0515,0.8639,0.081855,-1.1233,-0.22594,0.19782,-1.1004,-1.8874,-0.16996,0.081843,-0.43388,-0.20848,-1.2666,-0.16745
0.55133,0.98372,7.4637e-05,0.36871,-0.92397,0.17011,0.45393,-0.44681,0.35955,0.10946,0.36903,-1.292,0.21615,-1.0609,0.26716
-0.041332,0.39276,0.61436,0.10236,-1.2541,-0.35555,0.049512,-1.1917,-0.59389,0.32171,0.10215,2.2461,-0.42698,-1.2135,-0.32636
-0.080322,-1.0258,0.09056,1.1838,-1.0693,0.16565,0.44524,-0.34411,-1.9703,2.1779,1.1845,0.1868,0.3326,-1.0524,0.3942
1.705,0.99818,1.0452,1.4988,-0.88516,1.6947,1.6507,-1.4504,-1.432,1.7281,1.4989,0.76082,1.513,-0.8456,1.8958
1.6452,1.1056,1.0132,1.3953,-1.1829,1.2705,1.5428,-1.1898,-1.486,0.95297,1.3961,0.60365,1.3965,-1.1803,1.5668
0.36314,1.0485,0.13525,0.21038,-0.29011,0.042256,0.3576,0.10083,-0.38377,-0.45283,0.21098,-1.0846,0.091222,-1.0968,-0.057558
1.1527,0.33481,1.0567,1.7066,-1.1345,2.1376,1.2247,-1.1892,-1.7579,1.6222,1.7072,2.1243,1.9681,0.31369,1.8766
0.53169,0.96032,0.33964,0.34564,-0.52549,0.1036,0.47087,-0.66295,0.71628,0.0037277,0.34492,-0.6802,0.11825,-1.1994,0.20162
0.27895,0.94253,0.91599,0.25551,-0.66618,0.089459,0.29274,-1.0443,0.73974,0.1174,0.25553,0.49892,0.084239,-0.88877,0.039148
0.33833,0.97866,0.92993,0.19874,-0.6403,0.00623,0.34933,-0.64516,-1.2681,-0.22077,0.198,-0.19775,0.01645,-1.1429,0.00064282
0.078805,0.56118,0.53801,0.23294,-0.11147,0.31978,0.22495,0.083494,0.12292,0.56041,0.23352,-0.40466,0.23575,-0.33004,-0.067048
0.67098,0.91815,0.77092,0.74962,-0.57748,0.61931,0.79562,-0.8546,-0.075758,0.69562,0.75028,0.16566,0.47424,-0.9601,0.49396
0.32018,0.93224,0.79845,0.1055,-0.56797,0.20073,0.19891,-0.85687,0.29359,-0.059106,0.10607,-0.29652,0.07863,-0.48641,-0.027879
1.5304,1.0902,1.0887,1.0173,-1.2136,0.94548,1.2355,-0.84425,0.040724,1.2577,1.018,0.67659,0.94276,-1.1727,1.3568
1.8326,1.1159,0.14457,1.5416,-1.1939,1.4938,1.6567,-0.64457,-1.894,1.0674,1.5411,-1.1893,1.4773,-1.0711,2.0619
0.62713,1.1139,1.1662,0.20251,-1.1916,0.036959,0.48355,-1.1911,0.14094,-0.020583,0.20227,2.0029,0.12124,-1.3291,0.14105
0.22829,0.54311,0.90422,0.31789,0.262,0.5358,0.3965,-1.2498,0.47493,0.40059,0.31851,0.28321,0.3995,-0.34086,0.0055565
-0.95018,1.0401,0.26699,-1.2168,-0.2408,-1.4494,-0.99561,-0.64763,-2.1666,-1.5645,-1.2166,-1.0788,-1.5397,-1.1149,-1.0918
0.3479,0.87148,0.78387,0.16509,-0.1849,0.21008,0.28419,-1.0667,1.0595,0.10615,0.16561,0.28509,0.1645,-0.65881,0.019103
1.392,1.1143,1.086,1.0681,-1.2138,1.02,1.2725,-1.0538,-0.32624,0.89653,1.0682,1.3321,0.85464,-1.1307,1.1452
-0.28469,0.80184,0.58168,-0.28104,-0.37151,-0.41298,-0.22461,-0.8484,-0.17266,-0.50591,-0.28313,-0.29682,-0.39564,-0.67336,-0.48087
0.81188,0.99808,0.82055,0.88259,-0.82943,0.81619,0.92038,-0.873,0.0016669,0.9458,0.88328,0.75519,0.81971,-0.88443,0.58149
0.1475,0.38743,0.61294,0.38583,0.090744,0.47196,0.27576,-0.4742,-0.7009,0.61327,0.38638,0.24803,0.3932,-0.17739,0.076525
-0.079442,0.35781,0.97729,-0.04983,0.31072,0.041863,-0.00052306,-1.1713,0.0816,0.17042,-0.050772,0.63377,0.0018572,-0.30071,-0.25369
-0.57814,-1.4676,-0.10196,-0.0080412,-1.2318,-0.37381,-0.18116,-0.94812,-1.7651,0.7764,-0.007654,0.86573,-0.43646,-0.70313,-0.55991
0.86552,1.104,1.0254,0.60302,-0.7851,0.36211,0.82186,-1.0735,-1.3001,0.13384,0.60256,2.4374,0.27208,-1.3666,0.3418
1.3079,1.1299,1.0752,1.2178,-1.4081,0.83324,1.3281,-1.0213,-0.40791,0.91696,1.2185,0.77294,1.0012,-1.4264,1.2228
0.60479,1.0556,1.041,0.84862,-0.95488,0.18454,0.65756,-1.4528,-0.3846,0.0048289,0.84922,0.93993,0.30456,-1.3792,0.46526
0.11904,-0.48416,0.033767,0.99861,-0.82569,0.88578,0.42963,-0.30793,-1.3155,1.6573,0.99905,0.067225,1.3067,0.16685,0.66296
-0.17804,0.36187,0.52735,-0.11343,-0.15325,-0.090194,-0.183,-1.0038,0.15917,0.12624,-0.11315,-0.29365,-0.14374,-0.063587,-0.32782
0.83249,0.99559,0.92705,0.66052,-1.1973,0.77607,0.78366,-1.0476,-0.093357,0.72007,0.66122,0.25999,0.73784,-0.71543,0.51436
-0.3764,-1.0045,-0.041212,0.11602,-1.7263,0.0146,-0.088834,-0.34781,-1.7776,0.97807,0.11653,-0.41559,0.21924,-0.11409,-0.27547
-0.89591,0.29347,0.5152,-0.89312,-0.73357,-1.2054,-0.89756,-1.1153,-0.63786,-0.93719,-0.89284,0.88753,-1.2101,-0.59436,-0.96175
0.44629,0.79864,1.0524,0.7555,-0.83773,0.097035,0.26511,-1.1659,-0.56367,0.038696,0.75606,0.35899,0.65504,-0.81866,1.0156
1.6886,0.95973,0.79997,1.4195,-1.2532,2.1102,1.5715,-0.84309,-1.2792,2.0352,1.4203,0.04868,2.0122,-0.28099,1.938
0.25297,0.69927,-0.42646,0.23497,0.20989,0.65285,0.2561,0.53767,0.56699,0.30402,0.23519,-1.3561,0.7434,0.19247,0.25313
0.45013,1.0906,1.1632,0.35934,-0.92924,0.037093,0.42064,-1.3843,-0.1154,0.077405,0.35995,0.66094,0.084277,-1.2204,0.1449
-0.65934,0.4701,1.0757,-0.74844,0.14511,-0.69809,-0.65503,-1.0602,-0.86049,-0.74192,-0.74896,1.018,-0.78373,0.049228,-0.81498
2.5627,1.1785,0.50076,2.0333,-1.201,1.9458,2.445,-0.13454,-2.4239,1.5614,2.0343,-1.2222,1.7443,-1.4444,2.5936
1.3837,0.93257,1.1283,0.94129,-0.97821,1.449,1.1274,-1.2577,-0.45839,1.5141,0.94201,2.5641,1.2182,-0.38234,1.2671
1.9282,0.97052,0.83549,1.7676,-0.9822,2.2184,1.9874,-0.15699,-2.0117,1.7273,1.7681,-0.07659,2.094,-0.7146,2.2483
1.1796,1.0185,1.2434,0.98871,-0.34609,1.2012,1.1506,-1.6542,-0.40896,1.0577,0.98907,2.5338,1.0044,-0.73348,0.9476
2.6406,1.1239,0.25675,2.1663,-1.3347,2.1481,2.5553,-0.43796,-2.1015,1.5539,2.1666,-1.1491,1.8287,-1.3655,2.6537
1.252,1.0726,-0.19623,1.2042,-1.0249,0.99225,1.2791,-0.41028,-1.3186,0.82848,1.2044,-1.349,1.1028,-1.1731,1.3268
0.16955,0.68464,0.52012,0.27039,0.23957,0.34052,0.27199,-0.40018,0.46351,0.25614,0.27097,-0.52219,0.27428,-0.40141,0.032825
-0.4393,0.40428,1.1094,-0.39628,0.18041,-0.30566,-0.41483,-1.2196,1.2844,-0.3034,-0.39581,1.4528,-0.36516,0.1976,-0.5651
0.41252,0.92193,1.0754,0.486,-0.54568,0.65104,0.35163,-1.2199,-0.0063069,0.54328,0.48632,1.3286,1.029,-0.044513,0.42578
0.19649,0.83557,1.0065,0.39876,-0.29473,0.051379,0.29634,-1.0993,-0.53295,-0.16621,0.39924,0.55549,0.0096157,-0.9628,0.0031301
1.8424,1.1088,0.81043,1.7586,-1.1493,1.4181,1.779,-0.76478,-1.5983,1.2015,1.7544,-0.60529,1.4323,-1.2926,2.0166
0.12897,0.24268,0.5498,0.31654,0.10139,0.71355,0.2306,-0.010186,0.023786,0.73095,0.31681,-0.39174,0.60886,0.36806,0.12782
2.1586,1.1317,1.1084,1.9137,-1.4049,1.9656,2.1159,-1.1574,-1.974,1.6855,1.9131,0.43881,2.002,-1.1058,2.4983
1.0122,0.93066,1.0669,1.1206,-0.45571,1.6277,1.1131,-1.1283,-0.49125,0.87143,1.1187,1.8599,1.766,-0.13028,1.2922
1.2275,1.1095,1.1016,1.4391,-1.2127,0.9963,1.3449,-1.3635,-0.65442,0.62868,1.4378,1.6912,1.1596,-1.2528,1.3829
1.366,0.911,0.74844,1.8886,-0.87107,1.9586,1.7302,-1.1036,-1.3161,1.3798,1.8895,-0.26947,1.9754,-0.66321,1.9324
1.9989,0.95728,0.95246,1.7349,-0.75933,2.4754,1.7307,-1.114,-1.9845,1.4244,1.7336,1.1587,2.4785,-0.11423,2.4609
0.87071,-0.082126,0.8545,1.1283,-1.1598,2.6413,0.79429,-0.29635,-1.9795,1.4979,1.127,1.4257,2.4552,1.9353,1.4896
0.3638,0.93904,0.60094,0.10811,-0.88743,0.35583,0.31183,-0.35016,-1.2563,0.11867,0.10857,0.1827,0.21267,-0.4634,-0.1153
-0.26566,1.0489,0.65628,-0.46138,-1.0589,-0.70793,-0.32856,-0.52497,-0.57691,-0.72164,-0.46355,-0.91802,-0.71498,-1.087,-0.64047
-0.51765,0.61505,0.83741,-0.5755,-0.72621,-0.62479,-0.45685,-1.186,-0.63705,-0.64681,-0.5754,-0.70733,-0.74121,-0.49048,-0.74441
1.0923,1.0291,0.050528,1.0164,-0.74558,0.88491,0.99783,0.5757,-0.31405,0.52934,1.0169,-1.06,0.89301,-0.91191,1.0456
1.4461,0.9109,0.78103,1.7104,-1.0339,1.5164,1.3243,-0.81678,-1.6983,1.2403,1.7113,0.051597,1.6983,-0.60423,2.1635
-0.22277,0.5395,0.94129,-0.33027,-0.041949,-0.071284,-0.26614,-1.2609,0.52091,-0.15056,-0.33009,0.19891,-0.1388,0.24771,-0.44638
0.12655,0.42275,0.57595,0.093409,-0.16319,0.45079,0.11328,-0.22754,0.18068,0.30176,0.093962,-0.39913,0.33058,0.19707,-0.026583
0.70996,0.90854,0.84513,0.56532,-0.87495,0.5229,0.6224,-0.96727,-0.37083,0.54715,0.566,-0.23553,0.66026,-0.80717,0.58167
0.15326,1.0474,0.29618,-0.16081,-1.0219,-0.25117,-0.015694,-0.38755,-0.27943,-0.29554,-0.16079,-1.0635,-0.33747,-0.85829,-0.32675
-0.6044,1.0374,0.41245,-0.80169,-0.88613,-1.0523,-0.59316,-0.20387,-0.37634,-1.1881,-0.8013,-1.0194,-1.1661,-1.2418,-0.88565
0.7202,0.77612,-0.0015707,0.74397,-1.0738,0.35121,0.78594,-0.16227,-0.92117,0.61516,0.74438,-1.562,0.22931,-1.3291,0.46952
-0.031759,1.0902,0.23004,-0.2039,-1.176,-0.47835,-0.053631,-0.22417,-0.3815,-0.55228,-0.20401,-1.0647,-0.55029,-1.2396,-0.42998
1.4541,1.1197,0.1161,0.89145,-1.0785,1.3197,1.138,0.20823,-1.4545,0.75553,0.89093,-1.0091,1.0775,-0.56395,1.031
0.37951,0.78593,0.91724,0.27129,-0.48023,0.47655,0.28914,-1.0172,0.14761,0.52873,0.27005,0.48679,0.44168,-0.20076,0.21779
0.16806,0.53208,0.9116,0.36702,-0.24208,0.60649,0.30226,-1.2386,0.54528,0.3574,0.36759,0.50602,0.51237,-0.0040995,-0.0022594
0.95209,1.0314,1.0112,0.94723,-0.85717,1.1556,1.0243,-0.9537,-0.63251,0.72697,0.94787,0.45379,1.236,-0.59495,1.0051
1.7515,1.1431,1.0825,1.5209,-1.136,1.3897,1.5641,-1.2506,-1.406,1.0868,1.5215,0.51497,1.4508,-1.0731,1.7613
0.41294,-0.19417,-0.010805,1.2379,-1.3584,0.75836,0.77902,-0.47588,-0.85709,1.0911,1.2379,-1.4136,0.97398,-0.73291,0.78177
1.4316,1.1893,1.0933,1.4652,-1.3821,0.56993,1.376,-1.6321,-1.1002,0.78821,1.466,1.3241,0.68364,-1.7939,1.5927
2.3401,1.1348,0.56071,2.3318,-1.4373,1.6764,2.6605,-0.075054,-1.6748,1.5067,2.3304,-1.0799,1.6072,-1.857,2.3946
-0.083693,-1.0418,-0.16179,0.72902,-1.4712,0.2226,0.39105,-0.61557,-1.6047,1.6893,0.72971,-0.91209,0.27108,-0.85548,0.087913
0.14523,0.67496,0.2296,0.13182,-0.26268,0.16368,0.13971,-0.14668,0.39824,0.11812,0.13199,-0.85469,0.23187,-0.41599,-0.045707
0.30376,0.77059,0.50129,0.13852,-0.20832,0.44539,0.26143,-0.45321,0.51938,0.27843,0.13901,-0.93174,0.31403,-0.19059,-0.0097138
1.2719,0.90309,0.90199,1.0829,-0.95535,1.4743,1.1867,-0.96177,-1.0286,1.5057,1.0803,0.71351,1.2167,-0.44607,1.3126
1.3138,0.85286,0.49207,1.1762,-1.0203,1.5671,1.1861,-0.32534,-1.3547,1.4772,1.1754,0.06328,1.3121,-0.32894,1.3703
0.87622,1.0888,0.24823,0.53675,-0.85283,0.61221,0.76871,-0.29027,-0.18843,0.3488,0.53736,-0.90267,0.54925,-0.92626,0.4176
1.7093,1.0938,0.036668,1.7297,-0.93505,1.7444,1.8597,0.042199,-1.3453,1.3942,1.7296,-1.1683,1.739,-1.0443,1.9289
1.6236,1.1125,1.1176,1.6561,-1.0626,1.3105,1.7273,-1.0739,-1.2196,1.2549,1.6555,0.41923,1.1972,-1.3493,1.5571
0.37432,0.54592,0.70779,0.26673,-0.30024,0.61601,0.26803,-0.16736,-0.19154,0.77969,0.2664,1.7701,0.47558,0.096719,0.25592
0.76484,1.0784,-0.064167,0.85901,-0.64142,0.35298,0.93249,-0.092822,-0.28949,0.49063,0.85938,-1.2678,0.23595,-1.5341,0.34986
2.7846,1.1537,1.1833,2.0823,-1.1645,2.2268,2.4207,-0.88898,-2.0522,1.6858,2.0775,2.267,1.9661,-1.1711,2.9286
1.3736,1.0745,1.0855,1.2798,-1.2503,1.169,1.4179,-1.1792,-0.25268,0.69798,1.279,0.72053,1.2717,-1.1419,1.2636
-0.053669,0.30433,0.71577,0.1301,0.087498,0.26835,-0.039484,-0.8185,-0.52326,0.11958,0.13066,0.42704,0.19772,0.27235,-0.17299
0.65401,0.93857,0.88365,0.82863,-0.48268,1.1052,0.72591,-0.45713,-0.21184,0.58543,0.82886,0.68691,1.1671,-0.13085,0.65352
0.1928,-1.9706,-0.55046,1.4944,-1.3421,0.84814,0.94296,-0.74034,-2.3974,3.0192,1.4952,0.90296,0.64222,-0.87643,0.59285
0.30065,0.76534,-0.29442,0.38765,0.022882,0.71878,0.41397,0.14986,0.39245,0.33984,0.38767,-1.2691,0.74095,-0.073958,0.24782
0.24985,1.0188,0.89086,0.13149,-0.57389,-0.1448,0.19969,-1.5024,-0.40014,-0.33695,0.13159,-0.067663,-0.17278,-1.1215,-0.11287
1.1402,1.0681,0.49905,1.1909,-1.0745,0.767,1.1626,-0.78211,-0.86711,0.83564,1.1909,-0.76023,0.81229,-1.2984,1.1481
0.88824,1.132,1.0709,0.82955,-1.198,0.25883,0.84707,-1.055,0.79978,0.3264,0.82938,1.228,0.20849,-1.548,0.44056
2.3215,1.0959,0.56772,1.9382,-1.171,1.9402,2.2438,-0.034737,-1.8125,1.5364,1.9388,-0.49727,1.7052,-1.2603,2.5126
1.394,1.0928,0.56522,1.1291,-0.80413,1.0229,1.4014,-0.32477,-1.0711,0.87855,1.1298,-0.36617,0.84572,-1.2916,1.0017
1.3732,1.0744,-0.17781,0.99178,-1.1739,1.1678,1.25,0.29663,-0.3335,0.95705,0.99249,-1.2142,1.0925,-0.91968,1.2028
0.93242,1.0583,1.0681,0.98167,-0.84947,0.59203,0.91439,-1.3484,-0.53396,0.31744,0.98224,0.89122,0.52765,-1.1821,0.83981
0.18821,0.57974,0.47407,0.13992,-0.14749,0.47677,0.12472,-0.27795,0.020196,0.36088,0.14,-0.28278,0.37177,0.21527,0.022712
1.1812,0.96981,0.89873,1.2775,-0.92329,1.0237,1.1177,-0.83898,-1.3113,1.0787,1.2783,-0.42036,1.1637,-0.91022,1.6035
0.24697,-2.2585,-1.3793,1.428,-1.3625,0.78835,0.97195,-0.67082,-2.4076,3.291,1.4288,1.8476,0.59267,-1.0017,0.67254
2.3725,1.1446,0.38542,2.0596,-1.0847,2.0116,2.2701,0.051088,-1.8871,1.6444,2.0603,-1.108,1.8715,-1.2199,2.5206
-0.50471,0.56173,1.1956,-0.62754,-0.30484,-0.56263,-0.54021,-1.7255,0.59426,-0.51786,-0.62767,2.7855,-0.60074,-0.02028,-0.70473
0.71427,1.0725,0.92688,0.55463,-1.1318,0.63379,0.67179,-0.66526,-0.70989,0.45778,0.55457,-0.16552,0.63048,-0.72789,0.3374
0.54584,0.92573,0.78026,0.56069,-0.84408,0.64625,0.57068,-0.505,-0.33421,0.7236,0.56036,0.26005,0.8191,-0.52015,0.56274
-0.36452,1.0802,0.47246,-0.65043,-0.95541,-0.88901,-0.43783,-0.54064,-0.25459,-0.87333,-0.65003,-0.90007,-1.0201,-1.2462,-0.78651
-0.28101,0.94781,-0.034075,-0.51855,-0.66803,-0.6685,-0.32474,-0.69922,1.5486,-0.53201,-0.51813,-0.87647,-0.75704,-1.0012,-0.59703
0.70873,0.70964,0.64238,0.79891,-1.1923,1.1812,0.71028,-0.53611,0.44326,1.1876,0.79855,-0.38815,1.1904,0.012541,0.67894
1.437,1.0513,1.1075,1.4541,-1.4004,1.0573,1.4479,-1.302,-1.2346,1.1615,1.4548,2.2441,1.223,-1.3082,1.5197
0.63454,1.1152,0.33613,0.49837,-1.1744,0.16895,0.7759,-0.49116,0.16133,-0.03021,0.49792,-1.1942,0.10391,-1.5767,0.065332
-0.021006,0.5478,0.95696,-0.12077,-0.45265,-0.089909,-0.096375,-1.3661,-0.75196,0.1055,-0.12294,0.43199,-0.19647,-0.31507,-0.27011
0.65334,1.0373,1.1584,0.66303,-1.1239,0.24324,0.51619,-1.1812,-0.012358,0.14409,0.66367,2.994,0.46881,-1.0543,0.58245
-0.11193,1.0388,0.6417,-0.42443,-0.65904,-0.63162,-0.25089,-0.89307,1.1591,-0.65383,-0.42452,-0.59982,-0.66586,-1.1086,-0.50769
0.50559,0.65918,0.7675,0.87875,-0.59656,0.64535,0.78334,-0.72235,-0.19072,1.1491,0.87862,0.53992,0.51401,-0.90267,0.5877
0.44826,0.93003,0.92964,0.47365,-0.32577,0.70826,0.43747,-0.28537,0.53242,0.52847,0.47346,1.2589,0.62846,-0.14406,0.36817
0.22025,0.58802,0.27076,0.29874,0.15376,0.65976,0.37413,-0.093142,0.062711,0.6105,0.29884,-1.0325,0.67625,-0.081958,0.15646
0.51739,0.95296,1.0851,0.67301,-1.2151,0.18048,0.53069,-1.4554,0.16015,0.3377,0.67252,2.9445,0.33078,-1.1793,0.4436
0.054207,-1.8127,-0.97314,1.1178,-0.94731,0.65173,0.64308,-0.42405,-1.6337,2.2252,1.1186,1.5382,0.4391,-0.64874,0.3627
1.769,1.1227,1.114,1.4053,-1.3489,1.2261,1.5844,-0.80974,-1.3484,1.0495,1.4052,1.7789,1.0644,-1.2792,1.6529
0.41713,1.1007,-0.015029,0.28898,-0.84417,-0.022917,0.35184,-0.17578,-0.73266,-0.32947,0.28812,-0.99158,0.080629,-1.1974,-0.031375
1.5051,1.1391,0.99291,1.2711,-1.5837,0.84472,1.3909,-1.0352,-0.70006,0.71376,1.2716,0.21868,0.88672,-1.4877,1.2962
0.176,0.29763,0.51186,0.25393,0.029445,0.91027,0.12429,0.74095,0.51279,0.46707,0.25392,-0.11743,1.0189,1.0404,0.23183
